code,name,avg_speed_1to3,avg_spped_total,diff_speed
213103,اصفهان - مورچه‌خورت (پليس‌راه),68,98,30
713707,ابتداي کمربندي قصر شيرين (رفت),50,72,22
713757,ابتداي کمربندي قصر شيرين (برگشت),54,73,19
574111,مرگنلر - پلدشت,26,44,18
143154,دليجان - سلفچگان (سلفچگان),66,81,15
733252,سيرانبند - بانه,61,75,14
163103,ساري - نکا,46,60,14
543280,آزادراه قزوين - رشت (امامزاده هاشم) (متناظر توزين),46,60,14
753716,جوکار - ملاير (ملاير),68,82,14
733607,دهگلان - موچش,65,77,12
853311,ياسوج - باباميدان (باباميدان),56,68,12
733202,بانه - سيرانبند,65,77,12
573803,شاهين دژ - بوکان,66,76,10
643605,رهدار - زيارت پيرچوگان,50,60,10
163401,فريدونکنار - محمودآباد,42,52,10
613505,سه راهي دشتک - زابل (شهر سوخته),67,77,10
543609.0,چابکسر - رامسر (مرز استان),49,59,10
163452,فريدونکنار - بابلسر,58,68,10
543251,اردبيل - آستارا (آق چاي - آستارا),56,65,9
853361,باباميدان - ياسوج (باباميدان),62,71,9
573301,پيرانشهر - مرز تمرچين,64,73,9
113208,آزادراه ساوه - تهران (رباط کريم-تهران),59,68,9
163266,رودهن - آمل (گزنک - پنجاب),47,56,9
544551,سياهکل - لاهيجان,34,43,9
833756,ترمينال برکت - سه راهي آذر,56,64,8
453113,شهداد - نهبندان (شهداد),59,67,8
364653,لالي - سه راهي لالي (پل کابلي),55,63,8
953852,بهبهان - ديلم,72,80,8
953454,کازرون - برازجان (کنارتخته - دالکي),66,74,8
363301,جاده قديم انديمشک - پل زال,55,62,7
953661,سيراف - عسلويه,74,81,7
833608,سرابله - سه راهي چهارمله,58,65,7
933261,نصرآباد - ندوشن (سه راهي شواز),47,54,7
153160,آزادراه کرج - قزوين (عوارضي 2 قزوين),78,85,7
214753,گلپايگان - علويجه (علويجه),71,78,7
163701,محمودآباد - نور,42,49,7
544701,شلمان - املش,13,20,7
643357,بندربستانو - پارسيان,61,68,7
953802,ديلم - بهبهان,78,85,7
364603,سه راهي لالي - لالي (پل کابلي),56,63,7
733452,بانه - سقز (سقز),84,91,7
753657,گل تپه - کبوتر آهنگ,28,35,7
973954,جنگل گلستان - تنگراه,48,55,7
414703,گله دار - دارالميزان,85,92,7
414753,دارالميزان - گله دار,87,93,6
913301,اردبيل - آستارا (تونل حيران - آق چاي),47,53,6
363803,خرمشهر - آبادان,49,55,6
733402,سقز - بانه (سقز),74,80,6
543302,انزلي - رضوانشهر,63,69,6
414152,سروستان - شيراز,33,39,6
643701,لافت - درگهان,80,86,6
543155,آزادراه قزوين - رشت (رودبار - رستم‌آباد),75,81,6
263854,پلدشت - جلفا (جلفا),54,60,6
153357,خرمدشت - تاکستان,87,93,6
164651,کرج - چالوس (دوآب - چالوس),54,60,6
833201,ايوان - اسلام‌آباد (ايوان - زرنه),76,82,6
544357,ماسوله - فومن,58,64,6
953152,دير - بوشهر (عامري),64,70,6
753295,صالح آباد - همدان (صالح آباد) (متناظر توزين),68,74,6
414851,جاده قديم مرودشت - سعادت شهر,61,67,6
143117,آزادراه تهران - قم (رستوران مهتاب),107,113,6
833711,سه راهي آذر - پايانه برکت,60,66,6
753766,ملاير - جوکار (ملاير) (متناظر توزين),69,75,6
183216,آزاد راه تهران - شمال (قطعه اول، بعد از تونل 16),67,73,6
153107,آزادراه قزوين - رشت (کوهين - مرز استان),82,88,6
363351,جاده قديم پل زال - انديمشک,68,74,6
453959,حاجي آباد - سيرجان (سنگ بهرام),76,81,5
544307,فومن - ماسوله,52,57,5
544552,لنگرود - لاهيجان,56,61,5
414657.0,لامرد - لار,56,61,5
113341,آزادراه تهران- شمال (قطعه اول - بعد از تونل 12),71,76,5
833304,بدره - دره شهر,69,74,5
543952,خلخال - اسالم (اسالم),45,50,5
143220,آزادراه تهران - قم (مجموع گيت هاي عوارضي قم),30,35,5
163810,چالوس - کلارآباد,60,65,5
113210,آزادراه تهران - قم (عوارضي تهران),70,75,5
643156,دشت امام - بندرعباس,82,87,5
643751,درگهان - لافت,85,90,5
853364,ديلم - گچساران,77,82,5
163305,بابل - کياکلا,46,51,5
733604,قروه - بيجار,46,51,5
833272.0,چوار - ايلام,72,77,5
363102,اهواز - آبادان (اهواز - دارخوين),66,71,5
543101,امامزاده هاشم - تقاطع سراوان,72,77,5
613516,دوست محمد - زابل,73,78,5
543352,رضوانشهر - انزلي,69,74,5
643303,سه راهي چارک - بندرچارک,54,58,4
263702,جلفا - مرند,75,79,4
143151,جاده قديم کاشان - قم (تقاطع آزادراه - سه‌راه لنگرود),66,70,4
613566,زابل - دوست محمد,70,74,4
613656,سوران - خاش,78,82,4
573953,سردشت - مهاباد (مهاباد),50,54,4
643307,پارسيان - بندر بستانو,63,67,4
544601,سياهکل - ديلمان,37,41,4
833761,پايانه برکت - سه راهي آذر,62,66,4
643655,زيارت پيرچوگان - رهدار,65,69,4
613606,خاش - سوران,75,79,4
913954,اردبيل - گرمي (سه‌راه مشکين‌شهر - رضي),74,78,4
933403,بهاباد - چادرملو,57,61,4
363627,هنديجان - ديلم (خروجي استان),51,55,4
163811,تنکابن - دوهزار,49,53,4
513453,شازند - خمين,58,62,4
453254.0,ماهان - کرمان(هفت باغ علوي),66,70,4
163860,کلارآباد - چالوس,63,67,4
153105,آزادراه قزوين - رشت (قزوين - محمودآباد),96,100,4
163861,دوهزار - تنکابن,49,53,4
853314,گچساران - ديلم,65,69,4
543118,لنگرود - چمخاله,67,71,4
163951,چابکسر - رامسر,64,68,4
543167,شفت - ملاسرا,68,72,4
973553,مينودشت - گنبد,63,67,4
543201,آستارا - اردبيل (آستارا - آق چاي),63,67,4
413270,خاوران-سروستان,42,46,4
164451,نوشهر - نور (نوشهر - سي سنگان),72,76,4
853111,ياسوج - سپيدار,76,80,4
543451,آستانه - لاهيجان,58,62,4
933251,نائين - عقدا (عقدا),64,68,4
164602.0,کلارآباد - عباس آباد,62,66,4
833151,ايوان - چوار,79,83,4
713354,پايانه شيخ صله - شيخ صله,44,48,4
414656,اوز - گراش,90,94,4
833354,دره شهر - بدره,65,69,4
733412,مريوان - سقز (مريوان),64,67,3
714107,گيلانغرب - سومار,67,70,3
153106,آزادراه قزوين - رشت (محمودآباد - کوهين),90,93,3
643281,ايسين - بندرعباس(راه آهن),83,86,3
153122,آزادراه قزوين - زنجان (کنارگذر قزوين),89,92,3
714157,سومار - گيلانغرب,66,69,3
733251,سردشت - بانه (بانه),66,69,3
143183,آزادراه تهران - قم (علي‌آباد),96,99,3
713756,خسروي - قصرشيرين,68,71,3
143157,آزادراه تهران - قم (نعلبندان),85,88,3
753234,همدان - تويسرکان (گنجنامه),43,46,3
953652,جم - بندر سيراف,68,71,3
853351,باباميدان - گچساران (بوستان),59,62,3
643652,زيارتعلي - سه راهي فارياب,62,65,3
673108,زنجان - فرودگاه (پل سارمساقلو),80,83,3
853403,پاتاوه - دهدشت,71,74,3
713351,پايانه مرزي گمرک نوسود - نوسود,32,35,3
853107,ياسوج - سي سخت,79,82,3
263804,جلفا - پلدشت (جلفا),59,62,3
263107,جاده قديم بستان‌آباد - تبريز,77,80,3
643306,بندرمقام - سه راهي چهوو,36,39,3
833221,ايلام - صالح آباد (مهدي آباد),76,79,3
333275.0,سه قلعه (سرايان) - بيرجند,75,78,3
953604,جم - فيروزآباد (جم),68,71,3
333280,قاين - بيرجند (بيرجند) (متناظر توزين),97,100,3
543902,اسالم - خلخال (اسالم),46,49,3
543751,کلان کلايه - املش,49,52,3
164621,عباس آباد - کلاردشت,43,46,3
333454,خواف - قائن (فرخي),88,91,3
543553,آزادراه قزوين - رشت (مرز استان - لوشان),92,95,3
164452,نوشهر - نور (سي سنگان - نور),67,70,3
113604,آزادراه تهران - قم (بين فرودگاه و حسن آباد),96,99,3
363154,ملاثاني - اهواز,80,83,3
543102,لنگرود - رودسر,69,72,3
363752,ديلم - بهبهان (ورودي خوزستان),61,64,3
413107.0,محور قديم جم - فيروزآباد (فيروزآباد),63,66,3
544155,خلخال - پونل,39,42,3
414901.0,نورآباد - گچساران (باباميدان - گچساران),79,82,3
413220,سروستان-خاوران,38,41,3
833101,چوار - ایوان,82,85,3
414754,بندرعباس - لامرد,71,74,3
953177,دلوار - بوشهر,90,93,3
833105,مهران - مرز مهران,76,79,3
833162,ملکشاهي - ايلام,69,72,3
414658,اوز-خنج,88,91,3
163208,رودهن - آمل (پلور - گزنک),47,50,3
163221,رودهن -آمل ( امامزاده هاشم- پلور),53,56,3
414361.0,بوشکان - فراشبند,82,85,3
643146,قشم - درگهان,90,93,3
153140,قزوين - بهرام آباد,54,57,3
114351,کمربندي دوم تهران (شورآباد - جاده ورامين),79,82,3
953611,عسلويه - سيراف,84,87,3
773353,مبارکه - بروجن (بروجن),87,90,3
315723,جاده قديم نيشابور - سبزوار (نيشابور - فيروزه),68,71,3
833703.0,مهران - ملکشاهي (سه راهي بانرحمان),73,76,3
573903,مهاباد - سردشت (مهاباد),46,49,3
773106,شهرکرد - اصفهان (تونل رخ),92,95,3
773508.0,قرح - پاتاوه,66,69,3
164671,کلاردشت - عباس آباد,46,49,3
314252,لطف آباد-درگز,65,68,3
833666,پل سيمره - ايلام,37,40,3
213153,مورچه‌خورت - اصفهان (پليس‌راه) (متناظر توزين),89,92,3
913452,گرمي - سه راهي بيله سوار,82,85,3
544651,ديلمان - سياهکل,30,33,3
544502,لاهيجان - لنگرود,53,56,3
333225.0,بيرجند - سه قلعه (سرايان),74,77,3
933118,کمربندي يزد - تفت,67,70,3
953702,گناوه - ديلم,92,95,3
183169,چالوس - کرج (سد کرج),64,66,2
753245,همدان - صالح آباد,81,83,2
183218,آزادراه تهران- کرج (همت-مرز استان),96,98,2
733416,سقز - ديواندره (سقز),68,70,2
164654,چالوس - کرج (مرزن آباد - مکارود),48,50,2
163901.0,رامسر - چابکسر,68,70,2
213401,خوانسار - دامنه (سه راهي دربيد),72,74,2
163851,رامسر - تنکابن,57,59,2
733707,مريوان - پاوه (سه‌راهي پاوه - پاوه),39,41,2
773501,گوشکي - مالخليفه,55,57,2
733462,سقز - مريوان (مريوان),66,68,2
164601,چالوس - کرج (چالوس - دوآب),54,56,2
733901,کامياران - پالنگان,73,75,2
733751,باشماق - مريوان,74,76,2
214252,آزادراه قم - کاشان (مشکات - کاشان),105,107,2
213918,شهرضا - دهاقان(گلشن),85,87,2
164653,آزادراه تهران - شمال (مرزن‌آباد - چالوس),88,90,2
753605,کبودر آهنگ - سه راهي پايگاه نوژه,77,79,2
713156,کنارگذر شرقي کرمانشاه (اسلام آباد - بيستون),99,101,2
733275,مريوان - سنندج (سنندج),90,92,2
513403,خمين - شازند,55,57,2
513701,ازنا - شازند (شازند),82,84,2
953754,وحدتيه - سعدآباد,71,73,2
363280,مسجدسليمان - ملاثاني,84,86,2
363204,اهواز - حميديه,57,59,2
543169,صومعه سرا - طاهرگوراب,78,80,2
543170,منطقه آزاد - گورابجير,56,58,2
362163,شوشتر - مسجدسليمان (سه‌راهي گاو سوار - مسجدسليمان),63,65,2
543281,پيربازار - خمام,60,62,2
543301,خمام - انزلي,67,69,2
543351,انزلي - خمام (متناظر توزين),59,61,2
543602,رودسر - کلاچاي,74,76,2
543652,کلاچاي - رودسر,71,73,2
333274,گزيک (مرز) - اسديه,87,89,2
544251,فومن - بازارجمعه,71,73,2
333230,بيرجند - قاين (بيرجند),98,100,2
953755,سياه مکان - گناوه,69,71,2
363451.0,لردگان - دهدز (دهدز),67,69,2
573304,پيرانشهر - سردشت,75,77,2
363702,بهبهان - ديلم (خروجي خوزستان),48,50,2
414311.0,فراشبند - بوشکان,73,75,2
414606,گراش - اوز,88,90,2
414607.0,لار - لامرد,71,73,2
414704,لامرد - بندر عباس,76,78,2
413606,اقليد - ياسوج(دژکرد),55,57,2
414751,مهر - لامرد,93,95,2
414755,احشام - لامرد,78,80,2
413305.0,قادرآباد - خوانسار,65,67,2
413217.0,سروستان - فسا (سروستان - سه‌راهي فسا),72,74,2
413157.0,محور قديم فيروزآباد - جم (فيروزآباد),67,69,2
414951.0,گچساران - نورآباد (گچساران - باباميدان),67,69,2
453104.0,جوپار - کرمان,84,86,2
364454,باغملک - رامهرمز,42,44,2
364404,رامهرمز - باغملک,53,55,2
363853,آبادان - خرمشهر,56,58,2
333101,سرايان - بيرجند (سرايان),90,92,2
573655,مرزکيله - سردشت,47,49,2
714102,گيلانغرب - سرمست,75,77,2
643283.0,سندرک - بشاگرد,46,48,2
643352,عسلويه - پارسيان (بندو - پارسيان),74,76,2
643356,سه راهي چهوو - بندرمقام,38,40,2
673125,طارم - خلخال (مرز استان),61,63,2
673126,طارم - ماسوله (مرز استان),67,69,2
713301,نوسود - پايانه مرزي گمرک نوسود,32,34,2
713302,پاوه - نوسود,43,45,2
713304,شيخ صله - پايانه شيخ صله,38,40,2
713451,پاوه - روانسر (سه‌راهي بپاپوش),50,52,2
713501,سرپل ذهاب - قصر شيرين,74,76,2
713551,قصرشيرين - سرپل ذهاب,81,83,2
973202,بندر ترکمن - سه راهي يساقي,77,79,2
973252,سه راهي يساقي - بندر ترکمن,79,81,2
713803,بيستون - سه راهي هرسين (متناظر توزين),80,82,2
713902.0,کنگاور - سه راهي نهاوند,63,65,2
714101,اسلام‌آباد - ايوان (سرمست - زرنه),69,71,2
643302,پارسيان - عسلويه (پارسيان - بندو),86,88,2
313130,مشهد - کلات (مشهد - چنار),80,82,2
323151,شيروان - بجنورد (بجنورد),86,88,2
643233,بشاگرد - سندرک,53,55,2
573916,درگه سنگ - محمديار (سه راهي محمديار) (متناظر توزين),82,84,2
574101,بازرگان - ماکو,83,85,2
574155,ماکو - سه‌راهي ايواغلي (مرگنلر - قره ضياءالدين),75,77,2
574551,پيرانشهر - اشنويه (سه‌راهي جلديان),65,67,2
314305,قوچان - سبزوار (سه‌راه چکنه - سلطان‌آباد),66,68,2
613243.0,ايرانشهر - ايرندگان (سايگان),78,80,2
314253,کلات - درگز (کيلومتر 13),89,91,2
314202,درگز-لطف آباد,68,70,2
314201,درگز - قوچان (درگز - امام قلي),81,83,2
953704,سعدآباد - وحدتيه,57,59,2
313961,باجگيران - قوچان (باجگيران - امام قلي),92,94,2
313911,قوچان - باجگيران (امام قلي - باجگيران),78,80,2
643111,بندرلنگه - پارسيان,90,92,2
643176,بندر پل - سه راه بندرپل,73,75,2
163216,آمل - رودهن (پنجاب - گزنک),53,55,2
313160,سرخس - مشهد (آبروان - رضويه),76,78,2
414402,کازرون - برازجان (کازرون - کنارتخته),80,82,2
933165,خرانق - يزد,64,66,2
163105,ساري - جويبار,58,60,2
114153,شهريار - رباط کريم,74,76,2
933401,بافق - نوق,60,62,2
853453,دهدست - پاتاوه,72,74,2
853151,باباميدان - ياسوج,74,76,2
953102,بوشهر - دير (عامري),68,70,2
833356,بدره - سه راهي ملکشاهي,80,82,2
933108,يزد - خويدک,72,74,2
853157,سي سخت - ياسوج,47,49,2
143301,جمکران - کوه خضر,37,39,2
853103,ياسوج - سپيدان,79,81,2
953115,عالي شهر - نيروگاه اتمي,94,96,2
953164,ورودي بوشهر (چغادک بوشهر),87,89,2
933804,ميبد - ندوشن,77,79,2
913401,بيله سوار - سه راهي بيله سوار,66,68,2
833658,سه راهي چهارمله - سرابله,65,67,2
913402,سه راهي بيله سوار - گرمي,77,79,2
113463,پلور - آبعلي (امامزاده هاشم - سه‌راهي مشاء),67,69,2
853301.0,گچساران - باباميدان (بوستان),66,68,2
933115,يزد - خرانق,65,67,2
853153,سپيدان - ياسوج,83,85,2
933752,انار - مهريز (مهريز),80,82,2
913510,جعفرآباد - بيله سوار,84,86,2
953352,بردخون کهنه - دير(جاده ساحلي),79,81,2
833754,ملکشاهي - مهران,82,84,2
163205,آمل - محمودآباد,66,68,2
913103,اردبيل - سرعين,66,68,2
114101,تهران - حسن آباد (جاده قديم قم),60,62,2
153187,آزادراه کنارگذر قزوين - زنجان (بعد از عوارضي 2),53,55,2
364303,سوسنگرد - هويزه,48,49,1
363653,بندر امام - ماهشهر,82,83,1
733228,سنندج - سروآباد,55,56,1
733225,سنندج - مريوان (سنندج),85,86,1
643602,سه راهي فارياب - زيارتعلي,53,54,1
453931,سيرجان - پاريز,90,91,1
643603,زيارتعلي - فارياب,41,42,1
143167,آزادراه قم - تهران (رستوران مهتاب),100,101,1
753284,تويسرکان - همدان(گنجنامه),43,44,1
953651,عسلويه - کنگان,91,92,1
853158,اقليد - ياسوج (ياسوج),40,41,1
643653.0,فارياب - زيارتعلي,38,39,1
973852,گنبد - آق قلا,77,78,1
933765,کوهبنان - بهاباد (مرز استان),87,88,1
953801,ديلم - هنديجان,93,94,1
853251,چرام - دهدشت,77,78,1
714152,سرمست - گيلانغرب,77,78,1
714151,ايوان - اسلام‌آباد (زرنه - سرمست),76,77,1
973952,گنبد - آزادشهر,70,71,1
313108,مشهد - سرخس (سرخس),79,80,1
853201,دهدشت - چرام,76,77,1
733708,مريوان - سروآباد,53,54,1
214255,آزادراه نطنز - کاشان (نطنز),102,103,1
913153,سرعين - اردبيل,71,72,1
733701,مريوان - باشماق,78,79,1
213701,سه راهي ازون بلاغ - فريدونشهر,84,85,1
733657,موچش - دهگلان,78,79,1
643353,بندرچارک - سه راهي چارک,67,68,1
853105,ياسوج - پاتاوه,66,67,1
153161,آزادراه کرج - قزوين (آبيک),90,91,1
264802,سه‌راهي خواجه - سه‌راهي هريس,80,81,1
853101,ياسوج - بابا ميدان,84,85,1
363753,سه راهي آغاجاري - بهبهان,84,85,1
264752,عاشقلو - کليبر,41,42,1
213971,ایزدخواست - شهرضا (منظریه),70,71,1
323304.0,آشخانه - چمن بيد (چمن بيد),61,62,1
313102,مشهد - سرخس (مشهد - رضويه),75,76,1
873328,شاهرود - گرگان,59,60,1
264751,جانانلو - کليبر,40,41,1
873403,ايوانکي - گرمسار,93,94,1
153173,معلم کلايه - قزوين,67,68,1
733413,بانه - سقز (بانه),68,69,1
213501,سميرم - ياسوج( سه‌راهي پاتاوه),80,81,1
214239,آزادراه کاشان - نطنز (متناظر توزين),104,105,1
153186,آزادراه آبيک - قزوين (عوارضي 1 قزوين),72,73,1
453553,فهرج - نرمانشير,71,72,1
323305,آشخانه - رازجرگلان,74,75,1
933663,جرقوييه - ابرکوه,73,74,1
713951,کنگاور - اسدآباد,91,92,1
713851,صحنه - کنگاور (متناظر توزين),61,62,1
143201,قم - جمکران (بلوار انتظار),56,57,1
953601,کنگان - عسلويه,96,97,1
543310,بندرانزلي - حسن رود,76,77,1
543360,حسن رود - بندر انزلي,77,78,1
543401,لاهيجان - آستانه,58,59,1
543402.0,آستانه - کياشهر,67,68,1
543403,حسن رود - کياشهر,64,65,1
543404,کوچصفهان - آستانه,71,72,1
333554,اسديه - بيرجند,51,52,1
263852,نوردوز - جلفا,65,66,1
543453,کياشهر - حسن رود,61,62,1
673159,طارم - زنجان (تهم),83,84,1
673160,ماهنشان - سه‌راهي نيک‌پي (بعد از سه‌راهي),65,66,1
873115,مهديشهر - شهميرزاد,88,89,1
263351,تبريز - سهند,90,91,1
544302,فومن - سراوان (سراوان),50,51,1
113855,لواسانات - تهران (تلو),11,12,1
263752,مرند - جلفا,75,76,1
544105,پونل - خلخال,44,45,1
333271,شهداد - نهبندان,89,90,1
543701,املش - کلان کلايه,50,51,1
333272,منصورآباد - بيرجند,100,101,1
543904,اسالم - تالش,61,62,1
543951,آستارا - تالش,69,70,1
933201,عقدا - نائين (عقدا) (متناظر توزين),64,65,1
933168.0,کمربندي تفت - يزد,75,76,1
543954,تالش - اسالم,59,60,1
114206,تهران - وردآورد (همت),82,83,1
673110,سه‌راهي نيک‌پي - ماهنشان (بعد از سه‌راهي),72,73,1
933406,بافق - بهاباد (سه راهي چاهون),57,58,1
643806,هشتبندي - فارياب,63,64,1
573201,اروميه - راژان,68,69,1
323502,شيروان - فاروج,93,94,1
323254,جاجرم - گرمه,80,81,1
643802,سه‌راهي چاه اسماعيل - ميناب,65,66,1
543104,رشت - فومن,69,70,1
153103,جاده قديم قزوين - کرج (قزوين - آبيک),69,70,1
363254,حميديه - اهواز,64,65,1
543117,ملاسرا - شفت,70,71,1
713751,سرپل ذهاب - دالاهو,71,72,1
913956,مشکين‌شهر - سه‌راهي لاهرود,82,83,1
543152,رودسر - لنگرود,73,74,1
543153,سنگر - کوچصفهان,48,49,1
543154,فومن - رشت,76,77,1
215302,تيران - چادگان (سه راهي سد زاينده‌رود),70,71,1
363163,خرمشهر - اهواز,47,48,1
713602,سنقر - قروه,68,69,1
363156,سوسنگرد - حميديه,65,66,1
643852,ميناب - سه‌راهي چاه اسماعيل,67,68,1
363152,آبادان - اهواز (دارخوين - اهواز),79,80,1
933105,کمربندي يزد - زارچ,80,81,1
953655,کنگان - دير,76,77,1
853401,سه‌راهي سميرم - پاتاوه,68,69,1
933451,نوق - بافق,64,65,1
953752,ديلم - گناوه,96,97,1
362113,مسجدسليمان - شوشتر (مسجدسليمان - سه‌راهي گاو سوار),66,67,1
543234,شاقاجي - امامزاده هاشم,56,57,1
573354,سردشت - پيرانشهر,74,75,1
713805,ميانراهان - کامياران,65,66,1
153190,بهرام آباد - قزوين,57,58,1
183154,چالوس - کرج (پوركان),52,53,1
413222,شيراز - کازرون,54,55,1
414853,شيراز - مرودشت (شيراز - اکبرآباد),73,74,1
143116.0,آزادراه قم - کاشان (قم - تقاطع جاده قديم),95,96,1
813355,دره شهر - پلدختر (سراب حمام),61,62,1
953127,بوشهر - دلوار,96,97,1
574107,پلدشت - جلفا (پلدشت),85,86,1
773551,مالخليفه - گوشکي,59,60,1
833660,لومار - سه راهي عالي آباد,46,47,1
613286,خاش - زاهدان (خاش) (متناظر توزين),67,68,1
183104,کرج - چالوس (پوركان),52,53,1
414162,بندر شيرينو - چاه کبکان (مرز استان),64,65,1
643154,سه‌راهي چاه اسماعيل - بندرعباس,88,89,1
163451,محمودآباد - فريدونکنار,65,66,1
413159,قائميه - دشت ارژن,87,88,1
413158.0,خرامه - شيراز,80,81,1
414164,آزاد راه اصفهان - شيراز (مرودشت),102,103,1
183119,کرج - چالوس (سد کرج),57,58,1
183121,آزادراه کرج - قزوين (نظرآباد),90,91,1
413901,سپيدان - ياسوج (سپيدان),72,73,1
573853,بوکان - شاهين دژ,80,81,1
113207,آزادراه تهران - پرديس (بومهن),100,101,1
414852,صفاشهر - سعادتشهر,50,51,1
114551,آزادراه کرج - تهران (عوارضي قديم),85,86,1
414807.0,مرودشت - شيراز (مرودشت - دو راهي لپويي),83,84,1
833306,سه راهي ملکشاهي - بدره,85,86,1
613562,هيرمند - زابل (حيدرآباد),49,50,1
143119,جمکران - پل جاده کاشان,54,55,1
833403,آبدانان - مورموري,70,71,1
413951,ياسوج - سپيدان (سپيدان),71,72,1
953252,فراشبند - اهرم,82,83,1
833355,آبدانان - دره شهر,72,73,1
833352,پلدختر - دره شهر (پل گاوميشان - دره شهر),34,35,1
143120,جمکران - قم (بلوار پيامبر اعظم),70,71,1
163751,نور - محمودآباد,72,73,1
414112,چاه کبکان - بندر شيرينو (مرز استان),52,53,1
414806,مرودشت - شيراز (دوراهي لپويي - زرقان),79,80,1
913451,سه راهي بيله سوار - بيله سوار,60,61,1
414705,لامرد - احشام,77,78,1
613704,نيکشهر(سه راهي نيکشهر) - چابهار(منطقه آزاد چابهار),66,67,1
164402,نور - نوشهر (نور - سي سنگان),74,75,1
574452.0,پيرانشهر - نقده,75,76,1
313601,تايباد - پايانه مرزي دوغارون,95,96,1
574402.0,نقده - پيرانشهر,75,76,1
414653.0,بستک - لار (لار),59,60,1
574301.0,مياندوآب - بوکان (مياندوآب),78,79,1
643162,سه‌راهي فارياب - سه‌راهي چاه اسماعيل,80,81,1
953302,دير(جاده ساحلي) - بردخون کهنه,78,79,1
773402,دشتک - سه‌راهي بهشت‌آباد,57,58,1
184216,کردان - برغان,49,50,1
364602,مسجدسليمان - شوشتر (سه‌راهي گاو سوار - شوشتر),77,78,1
773357,گوشکي - گندمان,91,92,1
313155,آزادراه باغچه - مشهد (مشهد),85,86,1
813901,کوهدشت - سه راهي زانوگه,70,71,1
833273,مهران - ايلام (صالح آباد),77,78,1
313152,سرخس - مشهد (رضويه - مشهد),73,74,1
613293,ايرندگان - ايرانشهر (سايگان),74,75,1
643231.0,بندرعباس - ايسين(راه آهن),82,83,1
833104,ايلام - بدره,79,80,1
323209,سنخواست - جاجرم,91,92,1
414358.0,قير - فيروز آباد,74,75,1
833261,سومار - زرنه,69,70,1
833154,بدره - ايلام,87,88,1
414359.0,جهرم - سه راهي ميمند,73,74,1
643252,جاسک - ميناب,73,74,1
833155,مرز مهران - مهران,87,88,1
153221.0,بوئين زهرا - اشتهارد,51,52,1
453303,رابر - بافت (رابر),91,92,1
414452,برازجان - کازرون (کنارتخته - کازرون),79,80,1
833223,ايلام - مهران (صالح آباد),83,84,1
453313,رابر - جيرفت (قنات ملك),62,63,1
163301,بابل - بابلسر,41,42,1
453204,کرمان - ماهان (هفت باغ علوي),67,68,1
323158,اسفراين - سه راهي ايرج,65,66,1
813602,بروجرد - سه راهي چالان چولان,84,85,1
414605,لار - گراش,63,64,1
153309,عوارضي آزادراه قزوين،زنجان - تاکستان (مجموع گيت ها),28,29,1
413109,دشت ارژن - قائميه,82,83,1
773305,گندمان - بلداجي (بلداجي),90,91,1
573801,سه‌راهي ايواغلي - ماکو (ايواغلي - قره ضياءالدين),36,37,1
773164,کمربندي سامان (آرامستان) - شهرکرد,90,91,1
453111,سه‌راهي راين - راين,89,90,1
313904,قوچان - چناران (متناظر توزين),87,88,1
833704,مهران - ملکشاهي,80,81,1
913851,اونگوت - قره آغاج,55,56,1
613560,زهک-زابل,38,39,1
364702,اميديه - ديلم,89,90,1
613502,زابل - نهبندان (زابل),47,48,1
313960,درگز - قوچان (امام قلي - قوچان),54,55,1
113391,آزادراه شمال - تهران (قطعه اول - بعد از تونل 12),69,70,1
453163,نهبندان - شهداد (شهداد),76,77,1
114256,وردآورد - تهران (همت),98,98,0
333224,اسديه - گزيک (مرز),87,87,0
933157,فولادآلياژي - يزد,75,75,0
314151,تايباد - خواف,78,78,0
314104,خواف - رشتخوار,96,96,0
333221,نهبندان - شهداد,93,93,0
314203,درگز - کلات (کيلومتر 13),87,87,0
544501,لاهيجان - سياهکل,48,48,0
913552,اصلاندوز - سه‌راهي سربند,58,58,0
613269,زابلي - ايرانشهر,44,44,0
933158,خويدک - يزد,65,65,0
314101,خواف - تايباد,85,85,0
933109,يزد - تفت,86,86,0
573402,تکاب - دندي,81,81,0
333201,نهبندان - زابل (نهبندان),85,85,0
573605,سردشت - مرزکيله,52,52,0
323101,بجنورد - شيروان (بجنورد),82,82,0
573275.0,سلماس - اروميه(سلماس - نوشين شهر),83,83,0
323103,بجنورد - آشخانه (کريک),83,83,0
323153,آشخانه - بجنورد (کريک),80,80,0
573652,بانه - سردشت (سردشت),65,65,0
913904,گرمي - اردبيل (رضي - سه‌راه مشکين‌شهر),98,98,0
573302,مهاباد - پيرانشهر (پسوه),73,73,0
323155.0,بجنورد - شيروان (سيساب) (متناظر توزين),86,86,0
323203,گرمه - ميامي (گرمه),79,79,0
573602,سردشت - بانه (سردشت),56,56,0
573273,امام زاده - اروميه,93,93,0
573551,خوي - سه راه ايواغلي,79,79,0
913901,مشگين شهر - اهر,61,61,0
323258,چمن بيد - گرمه,94,94,0
573517.0,قره ضياالدين - چالدران,72,72,0
323257,سه راهي ايرج - سنخواست,85,85,0
573507,ايواغلي - مرند,74,74,0
544101,ضيابر - پونل,58,58,0
573503,خوي - قطور (مرز رازي),70,70,0
573352,پيرانشهر - مهاباد (پسوه),67,67,0
974202,کلاله - مراوه تپه,52,52,0
573272,بند - اروميه,50,50,0
933107,يزد - فولادآلياژي,74,74,0
913560,بيله سوار - جعفرآباد,77,77,0
544751,املش - شلمان,38,38,0
573101,اروميه - مهاباد (اروميه - رشکان),65,65,0
913553,مشکين‌شهر - اردبيل (لاهرود - سه‌راهي مشکين‌شهر),88,88,0
314303,سبزوار - قوچان (سبزوار - سلطان‌آباد),92,92,0
913557,کليبر - اصلاندوز,76,76,0
613222,دلگان - جلگه ,66,66,0
613203,ايرانشهر - بمپور (ايرانشهر),105,105,0
333151,بيرجند - سرايان (سرايان),89,89,0
973151,جاده قديم کردکوي - گرگان,78,78,0
574501,اشنويه - پيرانشهر (سه‌راهي جلديان),71,71,0
913801,قره آغاج - اونگوت,49,49,0
574403,سه راهي حيدر آباد - نقده,87,87,0
323551,قوچان - فاروج (فاروج),100,100,0
573452,دندي - تکاب,81,81,0
315505,بجستان - بردسکن (سردق),78,78,0
573211,اروميه - اشنويه (اروميه),69,69,0
574106,بازرگان - کمربندي ماکو,75,75,0
573222,اروميه - بند,52,52,0
573224,اروميه - گلمان,92,92,0
573904,مهاباد - بوکان (مهاباد),57,57,0
574157,جلفا - پلدشت (پلدشت),86,86,0
833211,زرنه - سومار,66,66,0
543901,تالش - آستارا,72,72,0
453161,راين - سه‌راهي راين,85,85,0
953128,چغادک - اهرم,89,89,0
413174.0,کازرون - شيراز (دشت ارژن - خان زنيان),76,76,0
413173.0,سپيدان - شيراز (سپيدان - سه‌راهي قلات),80,80,0
414856,شيراز - مرودشت (زرقان - دوراهي لپويي),83,83,0
413161.0,شيراز - کوار (سه‌راهي کوار - کوار),84,84,0
414902,نورآباد - قائميه (متناظر توزين),87,87,0
113299,آزادراه شمال - تهران (قطعه اول - محدوده عواضي تهران),80,80,0
413124.0,شيراز - کازرون (خان زنيان - دشت ارژن),82,82,0
413123.0,شيراز - سپيدان (سه‌راهي قلات - سپيدان),64,64,0
414952,قائميه - نورآباد,77,77,0
953103,بوشهر - گناوه,80,80,0
413108.0,شيراز - خرامه,85,85,0
413106.0,شيراز - کوار (شيراز - سه‌راهي کوار),83,83,0
953101,بوشهر - چغادک (چغادک),96,96,0
364752,ديلم اميديه,85,85,0
113260,آزادراه قم - تهران (عوارضي تهران),74,74,0
453165,زرند - چترود (ده زيار) (متناظر توزين),75,75,0
364651,شهرکرد - مسجدسليمان,65,65,0
934154,بوانات - سه راهي هرابرجان (توتک),81,81,0
453245,کرمان - اختيار آباد,40,40,0
364559,گتوند - شوشتر,44,44,0
364553,اهواز - کمربندي شوشتر (پل کابلي شوشتر),62,62,0
364552,سه راه گتوند - گتوند,32,32,0
453247,کرمان - هوتک (چترود),97,97,0
934153,نيريز - هرات,56,56,0
453295,اختيار آباد - کرمان,48,48,0
453297,هوتک (چترود) - کرمان,98,98,0
453299,چترود - کرمان,102,102,0
364501,شوشتر - دزفول,72,72,0
113404.0,دماوند - فيروزکوه (امين‌آباد - سه‌راه ارجمند),93,93,0
113262,تهران - امام زاده داوود,73,73,0
414805,مرودشت - شيراز (زرقان - رکن‌آباد),84,84,0
543659.0,رامسر - چابکسر (مرز استان),62,62,0
413801.0,داراب - بندر عباس,32,32,0
414453,شيراز - کازرون (دشت ارژن - کازرون),38,38,0
414352,کوار - فيروزآباد (کوار - سه‌راهي ميمند),81,81,0
113206,آزادراه تهران - پرديس (عوارضي پرديس),86,86,0
414309.0,سه راهي ميمند - جهرم,75,75,0
414308.0,فيروز آباد - قير,79,79,0
414602,لار - جهرم,92,92,0
414603.0,لار - بستک (لار),59,59,0
414608,خنج-اوز,89,89,0
414158,داراب - فسا,85,85,0
113212,امام زاده داوود - تهران,50,50,0
414654,خنج - قير,35,35,0
414108,فسا - داراب,86,86,0
414655.0,گراش - لار,72,72,0
413851.0,بندر عباس - داراب,30,30,0
113214,تهران - لواسانات (سوهانک),39,39,0
414804,مرودشت - شيراز (رکن‌آباد - اکبرآباد),71,71,0
414702,مهر - گله دار,62,62,0
953251,خورموج - چغادک (خورموج),83,83,0
413702,جهرم - سه‌راهي کوار (قطب‌آباد - خفر) (متناظر توزين),90,90,0
413656,ياسوج - اقليد(دژکرد),55,55,0
413651,ياسوج - اقليد(اقليد),66,66,0
953202,اهرم - فراشبند,76,76,0
413601,اقليد - ياسوج(اقليد),69,69,0
953178,اهرم - چغادک,84,84,0
953165,نيروگاه اتمي - عالي شهر,90,90,0
413355.0,خوانسار - قادرآباد,23,23,0
953153,گناوه - بوشهر,82,82,0
414801,جاده قديم سعادت شهر - مرودشت,69,69,0
953151,چغادک - بوشهر (چغادک),95,95,0
414803,مرودشت - شيراز (اکبرآباد - شيراز),64,64,0
934104,سه راهي هرابرجان - بوانات (توتک),77,77,0
453353,بافت - رابر (رابر),87,87,0
453361,ارزوييه - بافت,86,86,0
933405,بافق - بهاباد,78,78,0
363230,ملاثاني - مسجدسليمان,91,91,0
933553,سانيج - فيض‌آباد,75,75,0
974252,مراوه تپه - کلاله,55,55,0
363164,ملاثاني - شوشتر,81,81,0
543160,کوچصفهان - رشت,66,66,0
933456,بهاباد - بافق (سه راهي چاهون),47,47,0
543168,چمخاله - لنگرود,73,73,0
933455,بهاباد - بافق,80,80,0
363106,حميديه - سوسنگرد,74,74,0
933454,آسفيج - بهاباد,60,60,0
933452,يزد - بافق (ذوب روي),85,85,0
113612,عوارضي آزادراه قم - تهران (بهشت زهرا)(مجموع گيت ها),33,33,0
335604,نهبندان - زاهدان (نهبندان - سفيدآبه),90,90,0
113653,فرودگاه امام خميني - آزادراه قم، تهران,82,82,0
543284,امامزاده هاشم - شاقاجي,56,56,0
934103,هرات - نيريز,53,53,0
933402,بافق - يزد (ذوب روي),87,87,0
113801,لواسانات - فشم,60,60,0
113802,فشم - ميگون,72,72,0
333953,خور - طبس (طبس),99,99,0
113810,عوارضي آزادراه تهران- پرديس (فاز8 ) (مجموع گيت ها),43,43,0
333552.0,سربيشه - بيرجند (مود - بيرجند),101,101,0
333551,عرب‌آباد - بيرجند (خوسف),100,100,0
333504,بيرجند - اسديه,40,40,0
543454,آستانه - کوچصفهان,72,72,0
933354,خور - رباط پشت بادام,60,60,0
543601,کلاچاي - چابکسر,69,69,0
953705,گناوه - سياه مکان,86,86,0
113860,عوارضي آزادراه پرديس- تهران (فاز11) (مجموع گيت ها),61,61,0
543651,چابکسر - کلاچاي,80,80,0
933613,ابرکوه - جرقوييه,78,78,0
953452,اهرم - برازجان,73,73,0
933701,مهريز - خاتم,66,66,0
913502,سه‌راهي سربند - اصلاندوز,71,71,0
453363,جيرفت - رابر (قنات ملك),63,63,0
453403.0,کرمان - بافت (نگار),95,95,0
453502,ايرانشهر - بم (بزمان - نرمانشير),75,75,0
364253,چنانه - شوش (خروجي استان),53,53,0
364251,دزفول - شوش,74,74,0
364203,شوش - چنانه (خروجي استان),51,51,0
364201,شوش - دزفول,84,84,0
364152,سربندر - شادگان,63,63,0
364151,شادگان - دارخوين,57,57,0
364102,شادگان - سربندر,66,66,0
363851,شلمچه - خرمشهر (پايانه مرزي),20,20,0
933956,طبس - يزد ( بياضيه),61,61,0
363801,خرمشهر - شلمچه (پايانه مرزي),24,24,0
363703,بهبهان - سه راهي آغاجاري,85,85,0
933906,يزد - طبس ( بياضيه),67,67,0
453651,باغين - بردسير,68,68,0
363677,ديلم - هنديجان (خروجي استان),41,41,0
453707,رفسنجان - سرچشمه,94,94,0
453802,زرند - رفسنجان (داوران),68,68,0
933904,يزد - طبس (چادرملو),68,68,0
363606,ماهشهر - هنديجان (ماهشهر),87,87,0
953851,هنديجان - ديلم,96,96,0
953404,برازجان - کازرون (دالکي - کنارتخته),68,68,0
453981,پاريز - سيرجان,90,90,0
454153,جوزم - شهربابک (شهربابک),90,90,0
363401.0,دهدز - لردگان (دهدز),69,69,0
953418,برازجان - ابپخش,85,85,0
363314,کمربندي انديمشک - دزفول (غرب به شرق),72,72,0
933751,خاتم - مهريز,73,73,0
313954,چناران - قوچان,95,95,0
974253,سه راهي کلاله - کلاله,44,44,0
713601,بيستون - ميان راهان,74,74,0
773162,داران - بن,82,82,0
263452,کليبر - اهر,83,83,0
184207,گچسر - ديزين,68,68,0
184208,جاده چالوس - آتشگاه,31,31,0
713103.0,کرمانشاه - ماهیدشت,85,85,0
713104,قزانچي - روانسر (نوروزآباد),86,86,0
713105,کرمانشاه - کوزران,73,73,0
713153.0,ماهيدشت - کرمانشاه (متناظر توزين),89,89,0
713154,روانسر - قزانچي (نوروزآباد),83,83,0
414403,کازرون - شيراز (کازرون - دشت ارژن),45,45,0
263236,کنار گذر جنوبي شهيد کسايي (باسمنج - تبريز),100,100,0
773108,سامان - تيران (سامان),74,74,0
833705,مهران - صالح‌آباد (رضاآباد),100,100,0
713201,حميل - اسلام آباد,104,104,0
713202,اسلام آباد - دالاهو,91,91,0
263160,ايلخچي - تبريز,99,99,0
184258,آتشگاه - جاده چالوس,27,27,0
713240,حميل - پلدختر (متناظر توزين),75,75,0
973651,گاليکش - مينودشت,61,61,0
184266,برغان - کردان,52,52,0
263151,صوفيان - تبريز,99,99,0
713253,ايوان - اسلام‌آباد (سرمست - اسلام‌آباد),63,63,0
713254,سرابله - سه راهي حميل,83,83,0
263110,تبريز - ايلخچي,97,97,0
773161,فارسان - سورشجان,104,104,0
673651,ابهر - خرمدره,56,56,0
853454,چيتاپ - ياسوج,63,63,0
673601,خرمدره - ابهر,56,56,0
773502,لردگان - دهدز,74,74,0
833661,حميل - سه راهي شباب,63,63,0
264352,اهر - سه راهي هريس,91,91,0
643856,فارياب - هشتبندي,57,57,0
264301,هريس - سه راهي هريس,85,85,0
183113,کرج - طالقان,56,56,0
643951,سه راه بندر لنگه - بستک,96,96,0
183120,کرج - چالوس (کندوان),55,55,0
183151,آزادراه تهران - کرج (کيلومتر25),96,96,0
873279,بيارجمند - سه راهي بيارجمند,95,95,0
183160,آزادراه قزوين - کرج (پل هشتگرد),86,86,0
183163,طالقان - کرج,61,61,0
213968,دهاقان(گلشن)- شهرضا,91,91,0
873165,شهميرزاد - مهديشهر,76,76,0
873156,فولاد محله - شهميرزاد,96,96,0
833701,صالح‌آباد - مهران (گلان),89,89,0
673176,ماسوله - طارم (مرز استان),60,60,0
673222,زنجان - بيجار,84,84,0
673231,زنجان - دندي,78,78,0
953554,کنگان - خورموج (خورموج),100,100,0
183266,آزاد راه شمال - تهران (قطعه اول، بعد از تونل 16),58,58,0
673459,عوارضي سرچم - آزادراه زنجان،تبريز (مجموع گيت ها),43,43,0
183268,آزادراه كرج- تهران (همت-مرز استان),114,114,0
713255,هلشي - کرمانشاه,73,73,0
833751,مهران - صالح‌آباد (گلان),91,91,0
183105,کرج - چالوس (گچسر),55,55,0
853303,گچساران - بهبهان (سعادت آباد),73,73,0
214712,اصفهان - نجف‌آباد (فولادشهر - نجف‌آباد),94,94,0
853302,دهدشت - بهبهان,61,61,0
973255,گميشان - بندر ترکمن,41,41,0
713855,کامياران - ميانراهان,69,69,0
853264,پاتاوه - ياسوج (کمربندي ياسوج ),87,87,0
153114,آزادراه قزوين - کرج (3کيلومتر مانده به عوارضي 1 قزوين),95,95,0
714201.0,سه راهي هرسين - هرسين,73,73,0
753109,فامنين - پل 123,76,76,0
214561,آزادراه نجف‌آباد - زرين‌شهر,82,82,0
733152,دهگلان - سنندج,81,81,0
733802,کامياران - روانسر,74,74,0
733161,موچش - سه راهي موچش,60,60,0
973401,کردکوي - گلوگاه,100,100,0
733201,بانه - سردشت (بانه),66,66,0
853215,بهمئي - بهبهان,66,66,0
733757,پاوه - مريوان (پاوه - سه‌راهي پاوه),46,46,0
733654,بيجار - قروه,47,47,0
733222,سه راهي موچش - سنندج (متناظر توزين),62,62,0
733466,ديواندره - سقز (سقز),72,72,0
213953,هرند - شهرضا (نيک‌آباد - شهرضا),80,80,0
733463,سقز- بانه (بانه),67,67,0
153139,رمپ پل حسين آباد (ورودي به آزادراه رشت),50,50,0
853155,پاتاوه - ياسوج,64,64,0
213269,سجزي - اصفهان,91,91,0
213233,نطنز - اردستان (آزادراه کنار گذر شرقي - کيلومتر1),108,108,0
263101,تبريز - صوفيان,97,97,0
143351,کوه خضر - جمکران,48,48,0
143202,عوارضي قم - کاشان,81,81,0
713352,نوسود - پاوه,43,43,0
853451,پاتاوه - سه‌راهي سميرم,66,66,0
213104,اصفهان - اردستان (کمشچه),94,94,0
713403,سه راهي بياشوش - جوانرود,88,88,0
853404,ياسوج - چيتاپ,68,68,0
713452,پاوه - روانسر (روانسر),80,80,0
713453,جوانرود - سه راهي بياشوش,70,70,0
215158,ميمه - مورچه‌خورت (سه راهي نطنز - مورچه خورت),90,90,0
713503,سرپل ذهاب - گيلان غرب,68,68,0
953612,سه راهي دير - بردستان,59,59,0
973204,بندر ترکمن - کردکوي,95,95,0
713553,گيلان غرب - سرپل ذهاب,67,67,0
953616,عسلويه - لامرد(مرز استان),81,81,0
973205,بندر ترکمن - گميشان,73,73,0
713604,سنقر - اسدآباد,71,71,0
213163,آزادراه زرين شهر - اصفهان(فلاورجان),82,82,0
973802,آق قلا - گنبد,76,76,0
833755,صالح‌آباد - مهران (رضاآباد),94,94,0
753604,کبودرآهنگ - شيرين سو,82,82,0
713703.0,قصرشيرين - گيلانغرب,74,74,0
713706,قصرشيرين - خسروي,55,55,0
753401,تويسرکان - کنگاور,65,65,0
643805,ميناب - بندرعباس (پل شور) (متناظر توزين),81,81,0
953654,فيروزآباد - جم (جم),68,68,0
264406,ميانه - مياندوآب (ميانه),82,82,0
643196,درگهان - قشم,90,90,0
163560,کردکوي - گلوگاه (گلوگاه),89,89,0
163801,تنکابن - رامسر,69,69,0
813209,خرم‌آباد - سه‌راهي چالان چولان (مله سرخه) (متناظر توزين),91,91,0
913405,جعفرآباد - پارس آباد,67,67,0
643126,سه راه بندرپل - بندرپل,72,72,0
643129,حاجي‌آباد - ارزوئيه (حاجي‌آباد),47,47,0
163852.0,تنکابن - عباس آباد,70,70,0
833502,دهلران - انديمشک (دهلران - دشت عباس),84,84,0
813208,خرم‌آباد - پلدختر (چم انجير),80,80,0
953605,دير - کنگان (متناظر توزين),80,80,0
183102,آزادراه تهران - کرج (پل کلاک),69,69,0
953667,پارسيان - عسلويه (مرز استان),91,91,0
953666,لامرد - عسلويه(مرز استان),90,90,0
313180,کلات - مشهد (چنار - مشهد),70,70,0
953662,بردستان - سه راهي دير,62,62,0
643166,ليردف - جاسک,31,31,0
164119,فيروزکوه - قائمشهر (پل سفيد - زيرآب) (متناظر توزين),50,50,0
813155,سه راهي الشتر - خرم آباد,65,65,0
164154,کرج - چالوس (مرزن آباد - دوآب),44,44,0
313161,شانديز - مشهد,63,63,0
813119,سه راهي الشتر - الشتر,89,89,0
313158,سرخس - مشهد (سرخس),86,86,0
643179,ارزوئيه - حاجي‌آباد (حاجي‌آباد),38,38,0
813252,فيروزآباد - الشتر,75,75,0
313285,ميامي - مشهد,85,85,0
163155,جويبار - ساري,40,40,0
813553,شازند - ازنا (ازنا),73,73,0
833260,کرمانشاه(قلاجه) - ايلام,58,58,0
313909,قوچان - فاروج (قوچان),97,97,0
163256,زرگرشهر - بابلسر,59,59,0
313901,چناران - قوچان (چناران - سه‌راه چکنه),99,99,0
613510,زابل-زهک,39,39,0
613512,زابل - هيرمند (حيدرآباد),54,54,0
833302,دره شهر - پلدختر (دره شهر - پل گاوميشان),30,30,0
613552,نهبندان - زابل (زابل),49,49,0
613559,مرز ميلک-زهک,41,41,0
163355,کياکلا - بابل,65,65,0
313753,صالح‌آباد - تربت‌جام (تربت‌جام),74,74,0
643104,بندرعباس - سه‌راهي چاه اسماعيل,79,79,0
163160,کياسر - ساري (گرماب),67,67,0
613654,سرباز - مهرستان,32,32,0
313703,تربت‌جام - صالح‌آباد (تربت‌جام),78,78,0
163402,بابلسر - فريدونکنار,70,70,0
953602,بندر سيراف - جم,68,68,0
163404,فريدون کنار - دابودشت,83,83,0
313652,تايباد - تربت‌حيدريه (تايباد),75,75,0
163453,بهنمير - بابلسر,62,62,0
313602,تربت‌حيدريه - تايباد (تايباد),80,80,0
615651,نهبندان - زاهدان (سفيدآبه - سه‌راهي دشتک),79,79,0
913275.0,نير - اردبیل (اردبیل),99,99,0
153153,جاده قديم کرج - قزوين (آبيک - قزوين),83,83,0
813102,خرم‌آباد - سه‌راهي چالان چولان (بروجرد),73,73,0
164401,نور - نوشهر (سی سنگان - نوشهر),80,80,0
153452,زياران- آبيک,73,73,0
953468,ابپخش - برازجان,85,85,0
164605,چالوس - کرج (هزارچم - سياه بيشه),39,39,0
913225,اردبیل - نير (اردبیل),73,73,0
833610,سه راهي عالي آباد - لومار,47,47,0
913226,اردبيل - آستارا (اردبيل - گيلانده),73,73,0
833602,سرابله - پل سيمره,59,59,0
164606,چالوس - کرج (سياه بيشه - کندوان),48,48,0
833552,انديمشک - دهلران (دشت عباس - دهلران),87,87,0
643305,لامرد - سه راهي چهوو,56,56,0
153359,عوارضي تاکستان - آزادراه قزوين،زنجان (مجموع گيت ها),28,28,0
913229,اردبيل - گرمي (رضي - گرمي),39,39,0
643232,بشاگرد - قلع گنچ,60,60,0
264701,کليبر - جانانلو,35,35,0
153402,آبيک- زياران,60,60,0
643228,ايسين - کهورستان,66,66,0
264552,مرند - صوفيان,95,95,0
773554,سميرم - مال خليفه,82,82,0
264456,مياندوآب - ميانه (ميانه),85,85,0
143170,قم - جمکران (بلوار پيامبر اعظم),74,74,0
913158,سراب - نير (نير),70,70,0
164652,عباس آباد - کلارآباد,68,68,0
953114,خروجي بوشهر (بوشهر - چغادک),89,88,-1
753157,گلتپه - همدان,69,68,-1
813604,بروجرد - بيرانشهر,79,78,-1
773452,سه‌راهي بهشت‌آباد - دشتک,55,54,-1
773110,جونقان - سه راهي جونقان,71,70,-1
753233,همدان- غارعليصدر(قبل از سه راهي بهار),50,49,-1
733951,پالنگان - کامياران,72,71,-1
453518,ريگان - ايرانشهر,79,78,-1
813503,ازنا - شازند (ازنا),83,82,-1
453505,بم - ماهان (بم - سه‌راهي جيرفت),95,94,-1
773405,چادگان - چلگرد (مرز استان),70,69,-1
414604,قير - خنج,41,40,-1
414551.0,سيرجان - نيريز (نیریز),87,86,-1
453567,زاهدان - بم (متناظر توزين),82,81,-1
773558,پاتاوه - قرح,70,69,-1
933954,طبس - يزد (چادرملو),72,71,-1
773503,لردگان - گوشکي (آلوني),76,75,-1
833156,سرابله - ايلام,81,80,-1
853108,ياسوج - اقليد (ياسوج),31,30,-1
934102,هرات - مروست,40,39,-1
453568,ايرانشهر - ريگان,78,77,-1
833106,ايلام - سرابله,80,79,-1
833271,صالح آباد - ايلام (مهدي آباد),80,79,-1
414854,شيراز - مرودشت (اکبرآباد - رکن‌آباد),72,71,-1
773557,دهدز - لردگان (تونل فتح),63,62,-1
813752,سه راهي نور آباد - نهاوند,55,54,-1
833652,پل سيمره - سرابله,36,35,-1
414857.0,شيراز - مرودشت (دو راهي لپويي - مرودشت),85,84,-1
813702,نهاوند - سه راهي نور آباد,66,65,-1
733852,روانسر - کامياران,71,70,-1
453503,نرمانشير - فهرج,79,78,-1
773319,بروجن - گندمان (متناظر توزين),75,74,-1
453453.0,بافت - کرمان (نگار),88,87,-1
953214,بوشهر - برازجان (متناظر توزين),97,96,-1
813105,خرم آباد - سه راهي الشتر,82,81,-1
753854,ملاير - نهاوند,75,74,-1
833453,مورموري - آبدانان,65,64,-1
813161,سپيددشت - خرم آباد,74,73,-1
453162,جاده قديم کرمان - ماهان,88,87,-1
773160,سه راهي جونقان - جونقان,62,61,-1
813160,دوره چگني - خرم‌آباد,94,93,-1
773158,تيران - سامان (سامان),73,72,-1
453451,سيرجان - بردسير,74,73,-1
453246.0,کرمان - زنگي آباد,84,83,-1
813151,پلدختر - خرم‌آباد (خرم‌آباد),90,89,-1
813109,خرم آباد - بيرانشهر,83,82,-1
773113,صادق آباد - ياسه چاي (مرز استان),43,42,-1
833503,سه راهي کاور - دهلران,73,72,-1
414752,گله دار - مهر,89,88,-1
773112,بن - داران,86,85,-1
453112,جاده قديم ماهان - كرمان,24,23,-1
953264,برازجان - بوشهر (متناظر توزين),89,88,-1
833702,مهران - دهلران,91,90,-1
753805,نهاوند - سه‌راهي شوشاب,76,75,-1
833611,سه راهي شباب - حميل,74,73,-1
753353,قهاوند - کوريجان (حدفاصل تقاطع آزادراه - قهاوند),30,29,-1
833305,دره شهر - آبدانان,80,79,-1
753451,کنگاور - تويسرکان,67,66,-1
813111,خرم آباد - سپيددشت,74,73,-1
813305,پلدختر - دره شهر (سراب حمام),66,65,-1
813101,خرم‌آباد - پلدختر (خرم‌آباد),73,72,-1
414614,لار - جهرم (متناظر توزين),44,43,-1
453311,بافت - ارزوييه,84,83,-1
773272,شلمزار - شهرکرد (خراجي),81,80,-1
773206,شهرکرد - فرخشهر,88,87,-1
833753.0,ملکشاهي - مهران (سه راهي بانرحمان),92,91,-1
453110,چترود - زرند (چترود),74,73,-1
453302,ارزوئيه - وکيل‌آباد (ارزوئيه),71,70,-1
973101,جاده قديم گرگان - کردکوي,79,78,-1
813169,الشتر - سه راهي الشتر,88,87,-1
613304,زرآباد - ليردف,72,71,-1
733414,سقز - مريوان (سقز),59,58,-1
643857,بشاگرد - ميناب,87,86,-1
913218,هير-سه راهي فاراب,88,87,-1
643282,قلع گنج - بشاگرد,58,57,-1
643278,کهورستان - ايسين,48,47,-1
643277,ميناب - جاسک (سيريک),45,44,-1
913253,آبي بيگلو - اردبيل,73,72,-1
573556,چالدران - خوي,77,76,-1
573557,مرند - ايواغلي,62,61,-1
643227,جاسک - ميناب (سيريک),57,56,-1
643177,آزادراه دشت امام - ايسين,83,82,-1
913276,آستارا - اردبيل (گيلانده - اردبيل),100,99,-1
913803,قره آغاج - سه راه لاهرود,87,86,-1
573701,سلماس - تسوج (سلماس),88,87,-1
573709,سلماس - سرو,68,67,-1
573751,تسوج - سلماس (سلماس),88,87,-1
913278,سرعين - اردبيل (ارجستان),45,44,-1
643304,بندرلنگه - سه راهي چارک,84,83,-1
643354,سه راهي چارک - بندرلنگه,87,86,-1
643355,سه راهي چهوو - لامرد,45,44,-1
573223,اروميه - امام زاده,93,92,-1
573103,سرو - اروميه (اروميه),80,79,-1
643807,ميناب - بشاگرد,85,84,-1
573153,اروميه - سرو (اروميه),56,55,-1
873327,شاهرود - بسطام,67,66,-1
573221,اروميه - مهاباد (رشکان - حيدرآباد) (متناظر توزين),85,84,-1
643654,منوجان - دهبارز,79,78,-1
573225.0,اروميه - سلماس(نوشين شهر - سلماس),82,81,-1
573276,انهر - اروميه,76,75,-1
573226,اروميه - انهر,75,74,-1
573271,مهاباد - اروميه (حيدرآباد - رشکان ),87,86,-1
643601,منوجان - دهبارز (دهبارز),82,81,-1
573274,گلمان - اروميه,92,91,-1
643551,داراب - سه راهي گهگم,68,67,-1
873377,بسطام - شاهرود,57,56,-1
573802,شاهين دژ - تکاب,66,65,-1
913279,گرمي - اردبيل (گرمي - رضي),56,55,-1
913751,کوثر ( فاراب) - اردبيل,69,68,-1
913517.0,پارس آباد - سه راهي سربند,78,77,-1
913559,آستارا - اردبيل (تونل حيران - نمين),87,86,-1
613651,کوهک - سراوان,54,53,-1
613253,بمپور - ايرانشهر (ايرانشهر),110,109,-1
613256,محمدآباد ريگان - بزمان (بزمان),37,36,-1
613605,مهرستان - ايرانشهر,67,66,-1
833222,ايلام - چوار,88,87,-1
913511,بران - قره‌آغاج,91,90,-1
613202,سرباز - ايرانشهر (ايرانشهر),105,104,-1
613272,جلگه - دلگان,62,61,-1
613509,زهک-مرز ميلک,48,47,-1
913455,پارس آباد - جعفرآباد,70,69,-1
913507,اصلاندوز - کليبر,79,78,-1
613460,ميرجاوه-خاش(سنگان),66,65,-1
613410,خاش-ميرجاوه(سنگان),69,68,-1
613240,زاهدان- بم (کمربندي زاهدان),60,59,-1
613156,سه‌راهي دشتک - زاهدان,57,56,-1
913657,کوثر-خلخال,68,67,-1
574153,سه‌راهي ايواغلي - ماکو (يولاگلدي - ماکو),85,84,-1
913653,خلخال - سه راهي سرچم,76,75,-1
573954,بوکان - مهاباد (مهاباد),63,62,-1
913602,خلخال - اسالم (مجره),57,56,-1
574103,ماکو - سه‌راهي ايواغلي (ماکو - يولاگلدي) (متناظر توزين),88,87,-1
643116,جاسک - ليردف,40,39,-1
574151,ماکو - بازرگان,88,87,-1
913561,قره‌آغاج - بران,88,87,-1
613106,زاهدان - سه‌راهي دشتک,36,35,-1
574156,کمربندي ماکو - بازرگان,80,79,-1
574158,پلدشت - يولاگلدي,79,78,-1
643107,بندرعباس - بندرپل,89,88,-1
574453,نقده - سه راهي حيدر آباد,83,82,-1
613754,چابهار(منطقه آزاد چابهار) - نيکشهر(سه راهي نيکشهر),61,60,-1
613104,نصرت‌آباد - بم,64,63,-1
573102,اروميه - سلماس (اروميه),72,71,-1
643901,بستک - سه راه بندر لنگه,90,89,-1
453755,نوق - رفسنجان,78,77,-1
673106,آزادراه زنجان - قزوين (زنجان - سلطانيه) (متناظر توزين),63,62,-1
853306,باشت - چرام,42,41,-1
543112,پير بازار - ضيابر,62,61,-1
713753.0,گيلانغرب - قصرشيرين,72,71,-1
933554,ده بالا - تفت,84,83,-1
543119,طاهرگوراب - صومعه سرا,84,83,-1
543120,گورابجير - منطقه آزاد,79,78,-1
713701,دالاهو - سرپل ذهاب,72,71,-1
713654,اسدآباد - سنقر,74,73,-1
713652,قروه سنقر,72,71,-1
713651,ميان راهان - بيستون,77,76,-1
543159,پيربازار - رشت,62,61,-1
613294,نيکشهر - ايرانشهر,83,82,-1
933504,تفت - ده بالا,78,77,-1
543162,ضيابر - پير بازار,53,52,-1
853352,بهبهان - دهدشت,59,58,-1
543109,رشت - پير بازار,66,65,-1
543103,کوچصفهان - سنگر,46,45,-1
713801,کنگاور - صحنه,74,73,-1
453908,سيرجان - شهربابک,81,80,-1
453801,چترود - راور,87,86,-1
733352,تکاب - بيجار,83,82,-1
853214,ياسوج - پاتاوه (کمربندي ياسوج),92,91,-1
453851,راور - چترود,83,82,-1
733226,سنندج - مريوان (مريوان),74,73,-1
453904,سيرجان - بافت (سيرجان),93,92,-1
454103,شهربابک - جوزم (شهربابک),81,80,-1
933715,بهاباد - کوهبنان (مرز استان),88,87,-1
733110,سنندج - سه راهي موچش,77,76,-1
714253,سنقر - ميان راهان,61,60,-1
714251.0,هرسين - سه راهي هرسين,94,93,-1
933754,کنجکوه - مهريز,84,83,-1
953759,برازجان - گناوه,97,96,-1
853265,بهبهان - بهمئي,74,73,-1
853356,چرام - باشت,32,31,-1
713502,سرپل ذهاب - ثلاث,63,62,-1
713402,روانسر - پاوه (روانسر),81,80,-1
673173,اردلان - قيدار (مرز استان),65,64,-1
673409,عوارضي آزادراه زنجان،تبريز - سرچم (مجموع گيت ها),29,28,-1
673281,دندي - زنجان (متناظر توزين),67,66,-1
933160,بافق - يزد (فهرج),76,75,-1
673218,عوارضي آزادراه قزوين،زنجان - ابهر (مجموع گيت ها),14,13,-1
544151,پونل - ضيابر,69,68,-1
933159,تفت - يزد,85,84,-1
673158,فرودگاه - زنجان (پل سارمساقلو),82,81,-1
933202,يزد - خضرآباد,86,85,-1
673154,دندي - زنجان,62,61,-1
544358,سراوان - فومن (فومن),78,77,-1
873278,کياسر - سه راهي فولادمحله,52,51,-1
673123,قيدار - اردلان (مرز استان),58,57,-1
673113,زنجان - ميانه (زنجان - نيک‌پي),60,59,-1
953504,خورموج - کنگان (خورموج),99,98,-1
673502,زنجان - سلطانيه (سلطانيه),85,84,-1
673653,خرمدره - زنجان (متناظر توزين),78,77,-1
543235,رشت - جيرده,48,47,-1
713157,اسلام آباد - ماهيدشت,90,89,-1
543283,رشت - سنگر,57,56,-1
713252,دالاهو - اسلام آباد,103,102,-1
713251,اسلام آباد - حميل,90,89,-1
713238,کرمانشاه - کامياران (قزانچي),90,89,-1
713203,اسلام‌آباد - ايوان (اسلام‌آباد - سرمست),59,58,-1
543452.0,کياشهر - آستانه,67,66,-1
713155,کوزران - کرمانشاه,85,84,-1
933209,يزد - مهريز (متناظر توزين),81,80,-1
543555,منجيل - رودبار,74,73,-1
933304,رباط پشت بادام - خور,58,57,-1
713102,کرمانشاه - قزانچي,91,90,-1
673753,بيجار - خدابنده (خورخوره),37,36,-1
933211,ندوشن - نصرآباد (سه راهي شواز),66,65,-1
673751,ابهر - خدابنده (خدابنده),62,61,-1
613557,سه راهي دشتک - زابل,89,88,-1
453954,بافت - سيرجان (سيرجان),93,92,-1
313651,پايانه مرزي دوغارون - تايباد,103,102,-1
113601,رباط‌کريم - حسن‌آباد (وهن آباد - جاده قديم قم),82,81,-1
264852,سه‌راهي هريس - سه‌راهي خواجه,100,99,-1
114103,رباط کريم - شهريار,75,74,-1
163262,رودهن - آمل (سه راه سنگچال - پارک جنگلي),75,74,-1
973552,اينچه برون - گنبد,80,79,-1
313105,آزادراه مشهد - باغچه (مشهد),91,90,-1
313106,مشهد - سدکارده (سه‌راه کارده),45,44,-1
114301,کمربندي دوم تهران (جاده ورامين - شورآباد),98,97,-1
114302,ري - قرچک,107,106,-1
363656,هنديجان - ماهشهر (ماهشهر),78,77,-1
163258,آمل - رودهن (گزنک - پلور),57,56,-1
313109,جاده قديم مشهد - باغچه,75,74,-1
333351,درح (پايانه مرزي ماهي آباد) - سربيشه,77,76,-1
974203,کلاله - سه راهي کلاله,85,84,-1
313111,مشهد - شانديز,64,63,-1
363651,آبادان - بندر امام خميني (خوردورق),62,61,-1
315752,کاشمر - نيشابور (نيشابور),83,82,-1
184257,ديزين - گچسر,63,62,-1
163255,محمودآباد - آمل,57,56,-1
163254,بابل - گتاب,72,71,-1
113963,ملارد - شهريار(بلوار وليعصر),78,77,-1
113913,شهريار(بلوار وليعصر) - ملارد,71,70,-1
264801,خواجه - ورزقان,68,67,-1
323102,بجنورد - آشخانه (بيدک),95,94,-1
323108,سه راهي ايرج - اسفراين,76,75,-1
143251,جمکران - قم (بلوار انتظار),51,50,-1
363305,انديمشک - دهلران (سه‌راهي دهلران - دشت عباس),31,30,-1
113805,تهران - لواسانات (تلو),22,21,-1
113815.0,جاجرود - لتيان,66,65,-1
113851,فشم - لواسانات,63,62,-1
264551,شبستر - صوفيان,83,82,-1
264553,تسوج - شبستر,85,84,-1
364352,بستان - سوسنگرد,81,80,-1
364101,دارخوين - شادگان,55,54,-1
315778,جاده قديم سبزوار - نيشابور (سلطان‌آباد - فيروزه),93,92,-1
364302,سوسنگرد - بستان,85,84,-1
113852,ميگون - فشم,68,67,-1
264702,کليبر - عاشقلو,36,35,-1
113865.0,لتيان - جاجرود,75,74,-1
364252,بستان - الوان,39,38,-1
264703,اسکانلو - اصلاندوز,69,68,-1
333277,سربيشه - خوسف,95,94,-1
163253,جاده قديم آمل - بابل,69,68,-1
313151,نيشابور - سه‌راه باغچه (ابرش),88,87,-1
333404,قائن - خواف (فرخي),88,87,-1
143172,تفرش - فوجرد (مرز استان),82,81,-1
163204,گتاب - بابل,75,74,-1
163203,جاده قديم بابل - آمل,69,68,-1
333903,طبس - خور (طبس),99,98,-1
163154,ساري - خزرآباد,65,64,-1
163151,کياسر - ساري (شکتا),78,77,-1
315552,قائن - گناباد (گناباد),78,77,-1
163110,ساري - کياسر (گرماب),67,66,-1
143161,قنوات - قم,82,81,-1
334901,قائن - گناباد (قائن - خضري),102,101,-1
333512,بيرجند - سربيشه (مود - سربيشه),101,100,-1
335653,شوسف - نهبندان,97,96,-1
973502,گنبد - اينچه برون,79,78,-1
163101,ساري - کياسر (شکتا),80,79,-1
334951,گناباد - قائن (خضري - قائن),101,100,-1
315452,بردسکن - کاشمر,80,79,-1
363355,دهلران - انديمشک (دشت عباس - سه‌راهي دهلران),31,30,-1
313902,مشهد - چناران (گلبهار - چناران),88,87,-1
313855,مهنه - فيض‌آباد,86,85,-1
143133,آزادراه قم - تهران (علي‌آباد),101,100,-1
974201.0,سه‌راهي کلاله - تنگراه,80,79,-1
183155,چالوس - کرج (گچسر),47,46,-1
363501,باغملک - ايذه,84,83,-1
143203,سلفچگان - دستجرد,76,75,-1
333453,مرز يزدان - قائن (حاجي‌آباد),88,87,-1
314154,رشتخوار - خواف,97,96,-1
214241,کاشان - نراق (مرز استان),79,78,-1
333501,بيرجند - عرب‌آباد (خوسف),101,100,-1
333502.0,بيرجند - سربيشه (بيرجند - مود),102,101,-1
213960,بروجن - دهاقان,122,121,-1
363104,اهواز - ملاثاني,90,89,-1
143105,قم - سلفچگان (قم),94,93,-1
143124,کمربندي قم (قم - اراک),88,87,-1
163215,آمل - رودهن (سه راه بلده - پنجاب),70,69,-1
163214,آمل - رودهن (شاه زيد - سه راه بلده),68,67,-1
313223,نيشابور - مشهد (نيشابور) (متناظر توزين),78,77,-1
313959,فاروج - قوچان (قوچان),62,61,-1
143113.0,پرديسان - ورجان,89,88,-1
313952,چناران - مشهد (چناران - گلبهار),79,78,-1
183168,چالوس - کرج (بيلقان),58,57,-1
333503,بيرجند - آرين شهر,101,100,-1
113603,آزادراه تهران، قم - فرودگاه امام خميني,86,85,-1
323104,بجنورد - اسفراين (بجنورد),69,68,-1
323152,آشخانه - بجنورد (بيدک),89,88,-1
113413,آبعلي - پلور (سه‌راهي مشاء - امامزاده هاشم),88,87,-1
263401,تبريز - خواجه,86,85,-1
973555,مرزپل - اينچه برون,92,91,-1
113253,آزادراه قم - تهران (مجتمع ياس),109,108,-1
263301,سهند - تبريز,89,88,-1
113256,آزادراه پرديس - تهران (عوارضي پرديس),80,79,-1
113263,لواسانات - تهران (طلائيه),77,76,-1
113264,لواسانات - تهران (سوهانک),34,33,-1
113293.0,جاده قديم قم، تهران (نعلبندان - حسن‌آباد),79,78,-1
323226,پيش قلعه - راز,89,88,-1
413271,اقليد - دو راهي سورمق,89,88,-1
263286,کنار گذر جنوبي شهيد کسايي (تبريز - باسمنج),98,97,-1
323501,فاروج - قوچان (فاروج),103,102,-1
113403,رودهن - دماوند,93,92,-1
153136,آزادراه قزوين - آبيک (عوارضي 1 قزوين),75,74,-1
323219.0,بجنورد - شوقان,77,76,-1
973358,علي آباد - گرگان,103,102,-1
163802.0,عباس آباد - تنکابن,76,75,-1
164609,آزادراه تهران - شمال (دهانه شمالي تونل البرز),35,34,-1
323210,جاده قديم بجنورد - آشخانه,64,63,-1
323253,ميامي - گرمه (گرمه),82,81,-1
413553.0,نيريز - استهبان,74,73,-1
213154,اردستان - اصفهان (کمشچه),103,102,-1
363251,اهواز - آبادان (دارخوين - آبادان),72,71,-1
113203,آزادراه تهران - قم (مجتمع ياس),109,108,-1
414310.0,فيروزآباد -جم (محور جديد ),59,58,-1
414307.0,فيروزآباد - فراشبند,47,46,-1
414302,فيروزآباد - کوار (سه‌راهي ميمند - کوار),79,78,-1
153155,آزادراه رشت - قزوين (محمودآباد - قزوين),103,102,-1
164155,فيروزکوه - قائمشهر (پل سفيد - شيرگاه),80,79,-1
323276,راز - پيش قلعه,89,88,-1
263454,هوراند - اهر,48,47,-1
323260,جاده قديم آشخانه - بجنورد,70,69,-1
314353,قوچان - سبزوار (سلطان‌آباد - سبزوار),94,93,-1
263451,خواجه - تبريز,84,83,-1
263404,اهر - هوراند,52,51,-1
113249,آزادراه تهران- شمال (قطعه اول - محدوده عوارضي تهران),75,74,-1
414101,داراب - زرين دشت,54,53,-1
413765,قير-جهرم,72,71,-1
413752,سه‌راهي کوار - جهرم (خفر - قطب‌آباد),80,79,-1
314354,اسفراين - سبزوار (سبزوار),83,82,-1
413751,جهرم - سه‌راهي کوار (خفر - سه‌راهي کوار),91,90,-1
413154.0,کازرون - شيراز (خان زنيان - شيراز),68,67,-1
363302,انديمشک - شوش,80,79,-1
363201,آبادان - اهواز (آبادان - دارخوين),45,44,-1
163352,قائمشهر - بابل,58,57,-1
163373,گنج افروز - بابل (جنب دوربين ثبت تخلف),57,56,-1
973902,آزادشهر - گنبد,75,74,-1
973251,آق قلا - بندرترکمن,97,96,-1
214901,آزادراه نطنز - اصفهان (عوارضي اصفهان),107,106,-1
364560,هفتگل - شوشتر,45,44,-1
364551,دزفول - شوشتر,68,67,-1
214851.0,سامان - تيران (تيران),99,98,-1
323204,گرمه - جاجرم,88,87,-1
973254,کردکوي - بندر ترکمن,44,43,-1
364652,شوشتر - مسجدسليمان (شوشتر - سه‌راهي گاو سوار),73,72,-1
264302,سه راهي هريس - اهر,86,85,-1
264351,سه راهي هريس - هريس,84,83,-1
364509,شوشتر - گتوند,36,35,-1
323154,اسفراين - بجنورد (بجنورد),66,65,-1
363114,شوشتر - ملاثاني,74,73,-1
163351.0,بابلسر - بابل,48,47,-1
364502,گتوند - سه راه گتوند,39,38,-1
113552,فيروزکوه - دماوند (فيروزکوه - سه‌راهي ارجمند),97,96,-1
973201,بندرترکمن - آق قلا,99,98,-1
364601,مسجدسليمان - شهرکرد,64,63,-1
315402,کاشمر - بردسکن,83,82,-1
414357.0,فراشبند - فيروزآباد,53,52,-1
163501,بهشهر - گلوگاه,91,90,-1
363157,اهواز - رامهرمز(رامهرمز),82,81,-1
113419,دماوند - فيروزکوه (دماوند - آبسرد),72,71,-1
263764,مرند - صوفيان (مرند) (متناظر توزين),79,78,-1
323207,سنخواست - سه راهي ايرج,84,83,-1
215352,چادگان - تيران (سه‌راهي سد زاينده‌رود),76,75,-1
973505,اينچه برون - مرز پل,86,85,-1
263903,جاده قديم ميانه - زنجان (ميانه - سرچم),65,64,-1
413111.0,کوار - شيراز (کوار - سه‌راهي کوار),57,56,-1
163454,دابودشت - فريدون کنار,76,75,-1
163510,گلوگاه - کردکوي (گلوگاه),77,76,-1
213156,زيار - اصفهان,53,52,-1
153189,رمپ پل حسين آباد (ورودي به جاده قديم قزوين),67,66,-1
364751,آغاجاري - اميديه,62,61,-1
164751,بهشهر - نکا,76,75,-1
333222,بيرجند - منصورآباد,99,98,-1
574161,پلدشت - مرگنلر,60,58,-2
574404,نقده - اشنويه,79,77,-2
773111,سورشجان - فارسان,84,82,-2
315401,شادمهر - کاشمر,89,87,-2
574303,مياندوآب - ملکان (مياندوآب),71,69,-2
574308,مياندوآب - شاهين دژ (مياندوآب),79,77,-2
773157,نافچ - شهرکرد,90,88,-2
753951,روعان - فامنين,67,65,-2
574454,اشنويه - نقده,83,81,-2
574358,شاهين دژ - مياندوآب (مياندوآب),78,76,-2
773156,اصفهان - شهرکرد (تونل رخ),92,90,-2
753901,فامنين - روعان,67,65,-2
314701,فردوس - بجستان (بجستان),94,92,-2
573851,ماکو - سه‌راهي ايواغلي (قره ضياءالدين - ايواغلي),42,40,-2
184206,كرج - ماهدشت,70,68,-2
573506,خوي - چالدران,75,73,-2
183101,آزادراه کرج - تهران (کيلومتر25),81,79,-2
573567.0,چالدران - قره ضياالدين,80,78,-2
323206,اسفراين - سبزوار (اسفراين),79,77,-2
573553,قطور - خوي (مرز رازي),71,69,-2
573552,سلماس - خوي,84,82,-2
164701,نکا - بهشهر,82,80,-2
164655,کرج - چالوس (سياه بيشه - هزارچم),40,38,-2
573502,خوي - سلماس,85,83,-2
184201,اشتهارد - بوئين زهرا,76,74,-2
164603,آزادراه شمال - تهران (چالوس - مرزن‌آباد),100,98,-2
573401,تکاب - بيجار (تکاب),83,81,-2
323255,اميرآباد - جاجرم (جاجرم),92,90,-2
323256,سبزوار - اسفراين (اسفراين),77,75,-2
323259,جاجرم - سنخواست,90,88,-2
323269.0,شوقان - بجنورد,76,74,-2
813107,آزادراه خرم‌آباد - انديمشک (خرم‌آباد - پل زال),84,82,-2
183110,آزادراه کرج - قزوين (پل هشتگرد),78,76,-2
323105.0,شيروان - بجنورد (سيساب),95,93,-2
183111.0,آزادراه کرج - قزوين (گلشهر),59,57,-2
213106,اصفهان - زيار,57,55,-2
574154,ماکو - سه‌راهي ايواغلي (يولاگلدي - مرگنلر),85,83,-2
315503,گناباد - مهنه (مهنه),89,87,-2
773202,دشتک - مسجد سليمان,70,68,-2
773222,شهرکرد - شلمزار (خراجي),79,77,-2
773252,مسجد سليمان - دشتک,73,71,-2
574105,سه‌راهي ايواغلي - ماکو (قره ضياءالدين - مرگنلر),85,83,-2
574104,سه‌راهي ايواغلي - ماکو (مرگنلر - يولاگلدي),88,86,-2
183170,چالوس - کرج (کندوان),48,46,-2
573966,محمديار - درگه سنگ (سه راهي محمديار),87,85,-2
773355,بلداجي - گندمان (بلداجي),96,94,-2
773356,شهرکرد - سفيد دشت,85,83,-2
773369,گندمان - بروجن,65,63,-2
315702,نيشابور - کاشمر (نيشابور),81,79,-2
315728,جاده قديم نيشابور - سبزوار (فيروزه - سلطان‌آباد),90,88,-2
573902,مياندوآب - مهاباد,86,84,-2
574552,مهاباد - اروميه (محمديار - حيدرآباد),84,82,-2
953401,برازجان - کازرون (برازجان - دالکي) (متناظر توزين),60,58,-2
753804,نهاوند - ملاير,81,79,-2
264503,شبستر - تسوج,91,89,-2
713404,جوانرود - ثلاث باباجاني,83,81,-2
713454,ثلاث باباجاني - جوانرود,82,80,-2
713552,ثلاث سرپل ذهاب,60,58,-2
643952,لار - بستک (بستک),83,81,-2
643902,بستک - لار (بستک),76,74,-2
713708,انتهاي کمربندي قصر شيرين (رفت),49,47,-2
713758,انتهاي کمربندي قصر شيرين (برگشت),47,45,-2
214751,تيران - نجف‌آباد,99,97,-2
214691,نيك آباد - بهارستان,94,92,-2
264501,صوفيان - شبستر,86,84,-2
714202,بيستون - صحنه,88,86,-2
714203,ميان راهان - سنقر,65,63,-2
643604,دهبارز - منوجان,79,77,-2
713401,روانسر - پاوه (سه‌راهي بپاپوش),56,54,-2
643554,حاجي آباد - سه راهي گهکم (متناظر توزين),82,80,-2
643501,سه راهي گهگم - داراب,54,52,-2
264753,اصلاندوز - اسکانلو,76,74,-2
264851,ورزقان - خواجه,79,77,-2
733151,سه راهي موچش - کامياران,72,70,-2
313104,مشهد - فريمان (تپه سلام - سنگ بست),89,87,-2
733160,سه راهي موچش - سنندج,82,80,-2
214351,جاده قديم قم - کاشان (سن سن - کاشان),76,74,-2
214301,جاده قديم کاشان - قم (کاشان - سن سن),73,71,-2
214290,مشهد اردهال - کاشان,92,90,-2
733276,مريوان - سنندج (مريوان),69,67,-2
313145,نيشابور - مشهد (قدمگاه),86,84,-2
263952,اردبيل - سرچم (سرچم),73,71,-2
263902,سرچم - اردبيل (سرچم),74,72,-2
613152,مير جاوه - زاهدان,101,99,-2
713151,بيستون - کرمانشاه,79,77,-2
673555,کمربندي خرمدره - ابهر,62,60,-2
263551.0,نير - سراب (سراب),87,85,-2
673603,زنجان - خرمدره,79,77,-2
263602,مراغه - بناب,84,82,-2
673452,اردبيل - سرچم,87,85,-2
673705,زرينه رود - گرماب,68,66,-2
263402,اهر - کليبر,73,71,-2
673351,منجيل - گيلوان,79,77,-2
673301,گيلوان - منجيل,77,75,-2
263652,بناب - مراغه,78,76,-2
673272,بيجار - زنجان (متناظر توزين),77,75,-2
673251,بيجار - زنجان (بيجار - زرين‌آباد),57,55,-2
263237,آزادراه تبريز - زنجان (بستان آباد) (متناظر توزين),95,93,-2
263103,تبريز - جزيره اسلامي,85,83,-2
263201,آذرشهر - عجب شير,93,91,-2
713204,سه راهي حميل - سرابله,81,79,-2
673201,زنجان - بيجار (زرين‌آباد - بيجار),63,61,-2
263753,ايواغلي - مرند (کشکسراي - مرند),88,86,-2
673175,خلخال - طارم (مرز استان),52,50,-2
713205,کرمانشاه - هلشي,73,71,-2
263754,ايواغلي - مرند (سه‌راه ايواغلي - کشکسراي),92,90,-2
673172,خرمدره - زنجان (قبل از پليس راه),80,78,-2
673163,ميانه - زنجان (نيک‌پي - زنجان),74,72,-2
973155,علي آباد - گرگان,82,80,-2
263806,جلفا - سه راهي ايواغلي,98,96,-2
713288,کامياران - کرمانشاه (قزانچي) (متناظر توزين),84,82,-2
313146,آزادراه مشهد - باغچه (باغچه),99,97,-2
643202,ميناب - جاسک,63,61,-2
313154,فريمان - مشهد (سنگ بست - تپه سلام),106,104,-2
313951,قوچان - چناران (سه‌راه چکنه - چناران),100,98,-2
613601,سراوان - کوهک,62,60,-2
753278,مجموع گيت هاي عوارضي ساوه - همدان (همدان),95,93,-2
753283,غارعليصدر- همدان (قبل از سه راهي بهار),49,47,-2
213251,ابرکوه - رامشه,68,66,-2
213234,نطنز - اردستان (آزادراه کنار گذر شرقي - کيلومتر30),109,107,-2
613507,زابل - سه راهي دشتک,87,85,-2
753303,کوريجان - قهاوند (حدفاصل تقاطع آزادراه - قهاوند),31,29,-2
613457.0,خاش - اسکل آباد,68,66,-2
213229,اصفهان - فلاورجان(کمربندي سپاهان شهر),103,101,-2
313910,قوچان - درگز (قوچان - امام قلي),58,56,-2
753452,لاله جين - بهار,53,51,-2
613306,سه راهي نگور - نگور,77,75,-2
753558,کوريجان - همدان (متناظر توزين),88,86,-2
313156,سدکارده - مشهد (سه‌راه کارده),59,57,-2
753606,گل تپه - عليصدر,63,61,-2
753607,کبوتر آهنگ - گل تپه,32,30,-2
753655,سه راهي پايگاه نوژه - کبودر آهنگ,83,81,-2
314251,قوچان - درگز (امام قلي - درگز),88,86,-2
314301,سبزوار - بردسکن (سبزوار),80,78,-2
953617,عسلويه - پارسيان (مرز استان),89,87,-2
613252,ايرانشهر - سرباز (ايرانشهر),98,96,-2
613244,ايرانشهر - نيکشهر,82,80,-2
314320,سبزوار - نيشابور (زعفرانيه),85,83,-2
314351,بردسکن - سبزوار (سبزوار),77,75,-2
613206,بزمان - محمدآباد ريگان (بزمان),45,43,-2
613154,بم - نصرت‌آباد,87,85,-2
613604,مهرستان - سرباز,47,45,-2
313802,مشهد - تربت حیدریه (باغچه - رباط سنگ),103,101,-2
313752,باخرز - تربت‌جام (تربت‌جام),92,90,-2
613655,ايرانشهر - مهرستان,68,66,-2
973451,گلوگاه - کردکوي,104,102,-2
643178,خونسرخ - گچين,90,88,-2
313170,جاده قديم چناران - مشهد,84,82,-2
973152,کردکوي - گرگان,106,104,-2
214204,بادرود - اردستان (متناظر توزين),101,99,-2
643158,حاجي‌آباد - بندرعباس (فين - دشت امام),81,79,-2
213952,سميرم - شهرضا,100,98,-2
733507,ديواندره - تکاب,54,52,-2
313224,تربت حيدريه - مشهد (کمربندي تربت حيدريه) (متناظر توزين),93,91,-2
733557,تکاب - ديواندره,74,72,-2
213910,دهاقان - بروجن,95,93,-2
313235,مشهد - ميامي,85,83,-2
733653,حسين آباد - دهگلان,92,90,-2
213903,شهرضا - هرند (شهرضا - نيک‌آباد),73,71,-2
313258,آزادراه کنارگذر چناران - باغچه (عوارضي ناظريه),91,89,-2
313273,مشهد - نيشابور (نيشابور) (متناظر توزين),85,83,-2
213801,ابريشم - پيربکران,86,84,-2
213751,فريدونشهر - سه راهي ازون بلاغ,77,75,-2
733758,سروآباد - مريوان,50,48,-2
213551,ياسوج - سميرم (سه‌راهي پاتاوه ),93,91,-2
753105,آزادراه همدان - ساوه (تقاطع جاده کميجان - پل 123),101,99,-2
753107,همدان - گلتپه,62,60,-2
753154,آزادراه ساوه - همدان (دخان - پل 123),95,93,-2
323309,چمن بيد - جنگل گلستان (چشمه خان),92,90,-2
313702,تربت‌جام - باخرز (تربت‌جام),87,85,-2
813110,خرم‌آباد - دوره چگني,92,90,-2
813251,نورآباد - فيروزآباد,78,76,-2
164301.0,جويبار - قائمشهر,74,72,-2
913277,خلخال - اردبيل (متناظر توزين),82,80,-2
143118,قم - سلفچگان,98,96,-2
913501,سه‌راهي سربند - بران,86,84,-2
913503,اردبيل - مشکين‌شهر (سه‌راهي مشکين‌شهر - لاهرود),96,94,-2
143111,قم - قنوات,90,88,-2
363551,ايذه - باغملک,88,86,-2
114501,آزادراه تهران - کرج (عوارضي قديم),84,82,-2
953402,برازجان - اهرم,81,79,-2
913607,خلخال-کوثر,75,73,-2
913651,اسالم - خلخال (راهدارخانه الماس),40,38,-2
973106,گرگان - آق قلا,73,71,-2
913652,اسالم - خلخال (مجره),63,61,-2
913701,اردبيل - کوثر (فاراب),55,53,-2
363604,آزادراه بندر امام خميني - اهواز,68,66,-2
453903,سيرجان - نيريز (سیرجان),89,87,-2
913906,سه‌راهي لاهرود - مشکين‌شهر,83,81,-2
453852,رفسنجان - زرند (داوران),69,67,-2
363655,اميديه - ماهشهر,92,90,-2
453757,سرچشمه - رفسنجان,96,94,-2
114152,جاده قديم ساوه - تهران (پرند - رباط‌کريم),70,68,-2
453705,رفسنجان - نوق,81,79,-2
114102,جاده قديم تهران - ساوه (رباط‌کريم - پرند),63,61,-2
513151,خنداب - سه راهي خنداب,89,87,-2
913228,اردبيل - سرعين (ارجستان),53,51,-2
143253,دستجرد - سلفچگان,72,70,-2
913203,اردبيل - آبي بيگلو,71,69,-2
853362.0,بهبهان - گچساران (خيرآباد - گچساران),80,78,-2
973904,تنگراه - جنگل گلستان,60,58,-2
973951,مينودشت - آزادشهر,85,83,-2
873229,سه راهي بيارجمند - بيارجمند,81,79,-2
143174,کمربندي قم (اراک - قم),66,64,-2
363352,شوش - انديمشک,83,81,-2
143173,کمربندي قم (کاشان - قم),104,102,-2
143169,پل جاده کاشان - جمکران,42,40,-2
873329,شاهرود - طرود(معلمان),87,85,-2
873378,گرگان - شاهرود,66,64,-2
873379,طرود - شاهرود(معلمان),88,86,-2
913101,اردبيل - آستارا (گيلانده - نمين) (متناظر توزين),74,72,-2
363363,خرم‌آباد - انديمشک (انديمشک) (متناظر توزين),100,98,-2
513452.0,محلات - خمين,91,89,-2
143163,ورجان - پرديسان,92,90,-2
913108,نير - سراب (نير),63,61,-2
513402.0,خمين - محلات,89,87,-2
913154,گرمي - اردبيل (سه‌راه مشکين‌شهر - اردبيل),91,89,-2
513266,راهجرد - آشتيان,82,80,-2
913201,اردبیل - نير (نیر),87,85,-2
513217,کميجان - قهاوند,77,75,-2
453601,بردسير - باغين (متناظر توزين),72,70,-2
364202,الوان - بستان,38,36,-2
453555,ماهان - بم (سه‌راهي جيرفت - بم),85,83,-2
933210,خويدک - عسکريه,82,80,-2
934108,ابرکوه - صفاشهر (مرز استان),73,71,-2
934152,مروست - هرات,51,49,-2
413221,دو راهي سورمق - اقليد,86,84,-2
413267.0,فسا - سروستان (سه‌راهي فسا - سروستان),91,89,-2
934158,صفاشهر - ابرکوه (مرز استان),80,78,-2
113257,آزادراه پرديس - تهران (بومهن),98,96,-2
413352,بوانات - صفاشهر,66,64,-2
953201,چغادک - خورموج (خورموج),100,98,-2
413503.0,استهبان - نيريز,69,67,-2
413552.0,فسا - استهبان (سه‌راهي فسا - استهبان),84,82,-2
413701,سه‌راهي کوار - جهرم (سه‌راهي کوار - خفر),78,76,-2
413715,جهرم-قير,64,62,-2
414701,لامرد - مهر,98,96,-2
414115,خان زنيان - قلات,61,59,-2
113213,تهران - لواسانات (طلائيه),74,72,-2
414151,زرين دشت - داراب,59,57,-2
414165,قلات - خان زنيان,64,62,-2
414201,کمربندي اکبرآباد شيراز (جنوب - شمال),67,65,-2
414202,ارسنجان - سعادتشهر,77,75,-2
414251,کمربندي اکبرآباد شيراز (شمال - جنوب),77,75,-2
414252,سعادتشهر - ارسنجان,77,75,-2
413156.0,کوار - شيراز (سه‌راهي کوار - شيراز),107,105,-2
414869.0,سعادت شهر - مرودشت,88,86,-2
113418,دماوند - فيروزکوه (سربندان - امين‌آباد),112,110,-2
453249,کرمان - چترود,101,99,-2
364351,بستان - چزابه (پايانه مرزي ),91,89,-2
453454,بهرامجرد - نگار,83,81,-2
453352,وکيل‌آباد - ارزوئيه (ارزوئيه),86,84,-2
933453,چادرملو - بهاباد,72,70,-2
364455,رامشير (سه راه سرانجام) - ماهشهر,88,86,-2
933502,تفت - دهشير (اسلاميه),86,84,-2
453296.0,زنگي آباد - کرمان,73,71,-2
973102,گرگان - کردکوي,112,110,-2
364510,شوشتر - هفتگل,40,38,-2
364558,دزفول - شوشتر (دزفول),83,81,-2
413104.0,شيراز - کازرون (شيراز - خان زنيان),58,56,-2
113468,فيروزکوه - دماوند (امين‌آباد - سربندان),88,86,-2
453164,کوهپايه - کرمان,76,74,-2
364701,اميديه - آغاجاري,55,53,-2
933704,مهريز - کنجکوه,83,81,-2
453152,ماهان - سه‌راهي راين (ماهان),78,76,-2
453115,چترود - زرند (ده زيار),92,90,-2
453114,کرمان - کوهپايه,86,84,-2
953451,کازرون - برازجان (دالکي - برازجان),63,61,-2
413101,سه راهي سياخ دارنگون - کوار,60,58,-2
143252,کاشان - عوارضي قم,71,69,-2
513216,آشتيان - راهجرد,84,82,-2
673552,سلطانيه - زنجان (سلطانيه),82,80,-2
833553,دهلران - سه راهي کاور,70,68,-2
543269,تقاطع سراوان - رشت,94,92,-2
153307,تاکستان - خرمدشت,95,93,-2
813655.0,کمربندي جنوبي خرم آباد (جنوب به شمال),89,87,-2
543232,امامزاده هاشم - رستم آباد (جاده قديم),61,59,-2
543231,خمام - پيربازار,68,66,-2
544308,فومن - سراوان (فومن),81,79,-2
363101,خروجي شرق اهواز,90,88,-2
333227,خوسف - سربيشه,92,90,-2
833752,دهلران - مهران,99,97,-2
363105,اهواز - بندر امام(جاده قديم),72,70,-2
813501,ازنا - دورود,94,92,-2
363107,رامهرمز - اهواز(رامهرمز),80,78,-2
163403,بابلسر - بهنمير,76,74,-2
153207,بوئين‌زهرا - دانسفهان,87,85,-2
333215,طبس - ده محمد,92,90,-2
543272,سياهکل - سنگر,55,53,-2
163104,خزرآباد - ساري,72,70,-2
833757,ترمينال برکت - مهران,49,47,-2
543285,جيرده - رشت,51,49,-2
833210,ايلام - کرمانشاه(قلاجه),60,58,-2
543554,طارم - منجيل (گيلوان - منجيل),68,66,-2
953709,گناوه - برازجان,94,92,-2
163212,آمل - رودهن (پارک جنگلي - سه راه سنگچال),84,82,-2
163207,رودهن - آمل (پارک جنگلي آمل - آمل) (متناظر توزين),71,69,-2
543502,جاده قديم لوشان - قزوين,52,50,-2
333408,قاين - حاجي آباد,101,99,-2
333362,سربيشه - شوسف,95,93,-2
333562,سربيشه - بيرجند (سربيشه - مود),101,99,-2
163161,کياسر - ساري (کياده),70,68,-2
333352,درميان - سربيشه,96,94,-2
334703,فردوس - گناباد (فردوس),67,65,-2
833112,ايلام - ملکشاهي,83,81,-2
163265,رودهن - آمل (پنجاب - سه راه بلده),84,82,-2
163106,سمنان - کياسر,73,71,-2
363151,ورودي شرق اهواز (متناظر توزين),91,89,-2
333251,زابل - نهبندان (نهبندان),90,88,-2
813159,بيرانشهر - خرم آباد,86,84,-2
573251,راژان - اروميه,83,81,-2
363257,خرمشهر - اهواز (جاده امام صادق),89,87,-2
164151,فيروزکوه - قائمشهر (شيرگاه - قائمشهر),64,62,-2
323359,جنگل گلستان - چمن بيد (چشمه خان),86,84,-2
973901,آزادشهر - مينودشت,83,81,-2
813202,الشتر - فيروزآباد,76,74,-2
323357,چمن بيد - آشخانه (آشخانه),93,91,-2
323552,فاروج - شيروان,97,95,-2
363256,اميديه - اهواز(سه راهي سرانجام),97,95,-2
323355,رازجرگلان - آشخانه,79,77,-2
153156,آزادراه رشت - قزوين (کوهين - محمودآباد),94,92,-2
323354.0,چمن بيد - آشخانه (چمن بيد),71,69,-2
164104,چالوس - کرج (دوآب - مرزن آباد),30,28,-2
163551,گلوگاه - بهشهر,100,98,-2
813258,پلدختر - خرم‌آباد (چم انجير) (متناظر توزين),83,81,-2
813304,پلدختر - بابازيد,80,78,-2
363253,شوش - اهواز (شوش - الوان),92,90,-2
333110,ديهوک - راور (زنوغان),99,97,-2
853312.0,گچساران - بهبهان (گچساران - خيرآباد),76,74,-2
153123,قزوين - معلم کلايه,76,74,-2
573261,اشنويه - اروميه (اروميه),76,74,-2
153164,آزادراه کرج - قزوين (3کيلومتر بعد از عوارضي1 قزوين),99,97,-2
713101,کرمانشاه - بيستون,85,82,-3
933503,فيض‌آباد - سانيج,81,78,-3
773455,چلگرد - چادگان (مرز استان),81,78,-3
933505,دهشير - مهريز,61,58,-3
813751,هرسين - نورآباد,90,87,-3
163271,آمل- رودهن(پلور- امامزاده هاشم),63,60,-3
933555,مهريز - دهشير,60,57,-3
933552,دهشير - تفت (اسلاميه),87,84,-3
113408.0,آبعلي - پلور (آبعلي - سه‌راهي مشاء),63,60,-3
713903,کنگاور - تويسرکان,76,73,-3
973308,گرگان - علي آباد (متناظر توزين),62,59,-3
713952.0,سه راهي نهاوند - کنگاور,63,60,-3
673703,خدابنده - بيجار (خورخوره),49,46,-3
113228,آزادراه تهران - ساوه (پرند),82,79,-3
773451,چلگرد - فارسان (فارسان),80,77,-3
673701,خدابنده - ابهر (خدابنده),75,72,-3
113651,حسن‌آباد - رباط‌کريم (جاده قديم قم - وهن آباد),85,82,-3
113654,آزادراه قم - تهران (بين فرودگاه و حسن آباد),105,102,-3
933404,بهاباد - آسفيج,82,79,-3
714252,صحنه - بستون,87,84,-3
813154,دورود - سه راهي چالان چولان,71,68,-3
933259,مهريز - يزد (متناظر توزين),81,78,-3
713953,تويسرکان - کنگاور,73,70,-3
713603,سنقر - کامياران,83,80,-3
933612,مروست - ابرکوه,75,72,-3
773504,مال خليفه - سميرم,75,72,-3
163251,آمل - بابل,71,68,-3
673505,ابهر - خرمدره کمربندي,61,58,-3
813603,بروجرد - اشترينان,76,73,-3
713107,ماهيدشت - اسلام آباد,106,103,-3
713272,کمربندي غربي کرمانشاه (اسلام آباد - قزانچي),95,92,-3
263153,جزيره اسلامي - تبريز,84,81,-3
973156,آق قلا - گرگان,74,71,-3
214951,آزادراه اصفهان - نطنز (عوارضي اصفهان),108,105,-3
813552,اليگودرز - ازنا (متناظر توزين),77,74,-3
113353,شهريار - آدران,73,70,-3
113417,دماوند - فيروزکوه (آبسرد - سربندان),97,94,-3
113416,فيروزکوه - دماوند (آبسرد - گيلاوند),99,96,-3
113414,کمربندي جنوبي رودهن (پرديس - دماوند),105,102,-3
813301,انديمشک - پلدختر,96,93,-3
215351,داران - چادگان,97,94,-3
933764,مروست - مهريز,82,79,-3
933753,منشاد - مهريز,90,87,-3
215301,چادگان - داران,92,89,-3
813653,اشترينان - بروجرد,73,70,-3
215255,بروجن - مبارکه (قمشلو),85,82,-3
933703,مهريز - منشاد,91,88,-3
813654,بيرانشهر - بروجرد,86,83,-3
164105,قائمشهر - فيروزکوه (شيرگاه - پل سفيد),74,71,-3
813162.0,کوهدشت - پل دختر (سه راهي زانوگه - سه راهي بابازيد),55,52,-3
215201,شهرضا - طالخونچه,83,80,-3
933702,مهريز - انار (مهريز),82,79,-3
215152,مورچه‌خورت - شاهين‌شهر (بزرگراه آزادگان),97,94,-3
113467,فيروزکوه - دماوند (سربندان - آبسرد),93,90,-3
813701,نورآباد - هرسين,91,88,-3
813354,بابازيد - پلدختر,80,77,-3
214952.0,آزادراه اصفهان - نطنز (نطنز),97,94,-3
933252,خضرآباد - يزد,81,78,-3
853353,بهبهان - گچساران (سعادت آباد),71,68,-3
733101,کامياران - سه راهي موچش,57,54,-3
753158,تويسرکان - جوکار,58,55,-3
153163,آزادراه زنجان - قزوين (تاکستان),110,107,-3
213105,اصفهان - علويجه,106,103,-3
213255,کمربندي شرق اصفهان (جاده نائين - سپاهان شهر),74,71,-3
753203.0,اسد آباد - کنگاور,88,85,-3
753201,سه راهي صالح آباد - اسد آباد,87,84,-3
753160,سه راهي روعان - سه راهي پايگاه نوژه,94,91,-3
913104,اردبيل - گرمي (اردبيل - سه‌راه مشکين‌شهر),91,88,-3
753159.0,پل123 - فامنين,88,85,-3
913152,خلخال - اردبيل (اردبيل),90,87,-3
913227,اردبيل - خلخال,89,86,-3
213283,اردستان- نطنز (آزادراه کنار گذر شرقي - کيلومتر1),144,141,-3
753156,جوکار - ملاير,83,80,-3
773107,شهرکرد - نافچ,91,88,-3
213284,اردستان - نطنز (آزادراه کنار گذر شرقي - کيلومتر30),109,106,-3
753108,جوکار - تويسرکان,92,89,-3
753106,ملاير - جوکار,87,84,-3
164351,قائمشهر - جويبار,62,59,-3
753103,همدان - جوکار,77,74,-3
873465,آبسرد - ايوانکي (دوآب - ايوانکي),91,88,-3
873453,گرمسار - ايوانکي,98,95,-3
753853,سه راهي بروجرد - نهاوند,78,75,-3
153162,آزادراه زنجان - قزوين (اقباليه) (متناظر توزين),91,88,-3
143225,قم - نيزار (کارخانه سيمان),85,82,-3
143223,جاده قديم کاشان - قم (متناظر توزين),85,82,-3
873102,سمنان - مهديشهر,98,95,-3
873104,سمنان - دامغان (قوشه - دامغان),82,79,-3
753654,شيرين سو - کبودرآهنگ,82,79,-3
873106,شهميرزاد - فولاد محله,82,79,-3
873152,مهديشهر - سمنان,98,95,-3
853161,سپيدار - ياسوج,94,91,-3
873202,دامغان - سمنان (صيد آباد) (متناظر توزين),92,89,-3
873205,سمنان - دامغان (سمنان - قوشه),91,88,-3
753508,همدان - کوريجان,90,87,-3
753402,بهار - لاله جين,71,68,-3
213228,اصفهان - بهارستان,78,75,-3
213113,آزادراه اصفهان - زرين شهر( فلاورجان),87,84,-3
153157,آزادراه رشت - قزوين (مرز استان - کوهين),84,81,-3
753352,سه راهي پايگاه نوژه - کوريجان,93,90,-3
873355,ري آباد - ميامي,101,98,-3
773114,شهرکرد - کمربندي سامان (آرامستان),82,79,-3
913251,نير - اردبیل (نیر),88,85,-3
733102,سنندج - دهگلان,81,78,-3
913951,اهر - مشگين شهر,65,62,-3
114451,شريف آباد - پاکدشت,107,104,-3
733302,بيجار - تکاب,90,87,-3
913853,سه راه لاهرود - قره آغاج,85,82,-3
973556,سه راهي کلاله - گنبد,101,98,-3
114352,قرچک - ري,108,105,-3
214260,کاشان - قمصر,82,79,-3
913911,مشکين شهر - کنگرلو,91,88,-3
163111,ساري - کياسر (کياده),62,59,-3
913961,کنگرلو - مشکين شهر,80,77,-3
213851,پيربکران - ابريشم,77,74,-3
149905,قم - جعفريه (دوربين),89,86,-3
974251.0,تنگراه - سه‌راهي کلاله,78,75,-3
163206,بابلسر - زرگرشهر,67,64,-3
933155,کمربندي زارچ - يزد,82,79,-3
733157,حسين آباد - سنندج,95,92,-3
733111,سه راهي موچش - موچش,73,70,-3
113953.0,شهريار - تهران (باغستان),95,92,-3
773306,سفيد دشت - شهرکرد,92,89,-3
733306,بيجار - حسن آباد ياسوکند,46,43,-3
773163,ياسه چاي - صادق آباد (مرز استان),38,35,-3
733401,سقز - بوکان (سقز),88,85,-3
214240,کاشان - مشهد اردهال,90,87,-3
143136,جاده قديم سلفچگان - ساوه (سلفچگان),70,67,-3
153271.0,اشتهارد - بوئين زهرا,68,65,-3
143123,کمربندي قم (قم - کاشان),90,87,-3
733651,همدان - قروه,93,90,-3
143122,فوجرد - تفرش (مرز استان),83,80,-3
773159,سورشجان - هاروني,87,84,-3
733603,دهگلان - حسين آباد,86,83,-3
153303,خرمدشت - آوج (سه‌راه رحيم‌آباد - آوج),84,81,-3
733551,حسين آباد - ديواندره,90,87,-3
143108,آزادراه قم - کاشان (تقاطع جاده قديم - مشکات),114,111,-3
733501,ديواندره - حسين آباد,94,91,-3
913551,بران - سه‌راهي سربند,98,95,-3
913567.0,سه راهي سربند - پارس آباد,80,77,-3
973601,مينودشت - گاليکش,50,47,-3
214205,آزادراه کاشان - نطنز (نطنز),113,110,-3
153404.0,آزادراه آبيک - چرم شهر (آبيک),105,102,-3
733451,بوکان - سقز (سقز),86,83,-3
214401.0,گلپايگان - خمين,95,92,-3
414360.0,جم - فيروز آباد ( محور جديد ),63,60,-3
315751,سبزوار - نيشابور (نيشابور),102,99,-3
364301,چزابه - بستان (پايانه مرزي ),91,88,-3
573952,مهاباد - مياندوآب,85,82,-3
453552.0,بم - ايرانشهر (نرمانشير - بزمان),77,74,-3
453701,باغين - رفسنجان,105,102,-3
313107,مشهد - کلات (سه‌راه کارده),82,79,-3
315555,بردسکن - بجستان (سردق),85,82,-3
363279,شوش - اهواز (اهواز),88,85,-3
313120,جاده قديم مشهد - چناران,73,70,-3
315553,مهنه - گناباد (مهنه),105,102,-3
315551,فردوس - گناباد (گناباد),85,82,-3
453752,رفسنجان - انار,102,99,-3
363654,آزادراه اهواز - بندر امام خميني,75,72,-3
453804,زرند - بافق (زرند،محور سي ريز),74,71,-3
453853,دشتخاک - زرند,91,88,-3
513754,سه راهي شازند - شازند,87,84,-3
315504,گناباد - بجستان (گناباد),87,84,-3
453927.0,کمربندي سيرجان - شهربابک,86,83,-3
453951,حاجي آباد - سيرجان (چاه قلعه),81,78,-3
363207,اهواز - خرمشهر (جاده امام صادق),89,86,-3
643504,سه راهي گهکم - حاجي آباد,91,88,-3
323208,گرمه - چمن بيد,98,95,-3
264554,سلماس - تسوج (تسوج),74,71,-3
364451,باغملک - هفتگل,79,76,-3
363155,بندر امام - اهواز(جاده قديم),89,86,-3
364406,رامشير - ماهشهر,88,85,-3
363203,اهواز - شوش (الوان - شوش),91,88,-3
364405,ماهشهر - رامشير(سه راه سرانجام),93,90,-3
323205,جاجرم - اميرآباد (جاجرم),94,91,-3
364403,هفتگل - اهواز(هفتگل),78,75,-3
573603,سه راهي ايواغلي - مرز جلفا,88,85,-3
453401,بردسير - سيرجان,91,88,-3
364402,رامهرمز - سه راهي آغاجاري,32,29,-3
573759,سرو - سلماس,73,70,-3
315773,جاده قديم سبزوار - نيشابور (فيروزه - نيشابور),78,75,-3
573852,تکاب - شاهين دژ,76,73,-3
264465,جاده قديم تبريز - بستان آباد (تبريز),77,74,-3
573901.0,مهاباد - اروميه (مهاباد - محمديار),86,83,-3
973105,گرگان - علي آباد,81,78,-3
264504,تسوج - سلماس (تسوج),75,72,-3
313159,جاده قديم باغچه - مشهد,73,70,-3
313171,آزادراه کنارگذر چناران - باغچه (عوارضي مزرعه نمونه),74,71,-3
453953,نيريز - سيرجان (سیرجان),78,75,-3
513751,شازند - ازنا (شازند),90,87,-3
314304,سبزوار - اسفراين (سبزوار),80,77,-3
513152,اراک - سلفچگان (کارچان) (متناظر توزين),74,71,-3
314152,قائن - خواف (نشتيفان),85,82,-3
613290,بم - زاهدان (کمربندي زاهدان),102,99,-3
513161,فرمهين - اراك,97,94,-3
333273,سه راهي شهيد زارع - بشرويه,95,92,-3
513162,کنارگذر شمالي اراک (برگشت ),89,86,-3
613701,نيکشهر - چابهار,107,104,-3
313801,تربت‌حيدريه - سه‌راه شادمهر,92,89,-3
313805,فيض‌آباد - مهنه,93,90,-3
313806,فيض‌آباد - بجستان (فيض‌آباد),94,91,-3
613353.0,زرآباد - چابهار,105,102,-3
613356,نگور - سه راهي نگور,75,72,-3
513454,اليگودرز - خمين,84,81,-3
313872,شادمهر - مهنه,96,93,-3
313851,سه‌راهي شادمهر - تربت‌حيدريه,95,92,-3
313852,تریت حیدریه - مشهد (رباط سنگ - باغچه),92,89,-3
643101,آزادراه بندرعباس - عوارضي بندر شهيد رجايي,83,80,-3
513111,اراك - فرمهين,94,91,-3
113202,شهريار-کرج (هفت جوي),73,70,-3
574451,نقده - محمديار,90,87,-3
643161,پارسيان - بندر لنگه,88,85,-3
643160,لار - بندرعباس (سه‌راهي بستک - سه‌راهي کهورستان),86,83,-3
313195,مشهد - نيشابور (قدمگاه),79,76,-3
574351.0,بوکان - مياندوآب (مياندوآب),87,84,-3
574401,محمديار - نقده,89,86,-3
363313,انديمشک - خرم‌آباد (انديمشک),85,82,-3
643144,سه راه بابا غلام - بندرعباس,74,71,-3
643128,گچين - خونسرخ,95,92,-3
643106,بندرعباس - دشت امام,87,84,-3
314851.0,تربت‌جام - فريمان (فريمان),85,82,-3
574502,اروميه - مهاباد (حيدرآباد - محمديار),85,82,-3
643110,بندرعباس - لار (سه‌راهي کهورستان - سه‌راهي بستک),90,87,-3
454107,سرچشمه - شهربابک,94,91,-3
454157,شهربابک - سرچشمه,93,90,-3
513101,سه راهي خنداب - خنداب,91,88,-3
613236,زاهدان - خاش (خاش),76,73,-3
364452,سه راهي آغاجاري - رامهرمز,39,36,-3
513404,خمين - اليگودرز,79,76,-3
673151,بيجار - زنجان (زرين‌آباد - زنجان),84,81,-3
573154,تبريز - اروميه (شهيد کلانتري),88,85,-3
413351,سورمق - آباده,79,76,-3
333265,ده محمد - طبس,99,96,-3
673124,قيدار - بيجار (مرز استان),97,94,-3
413152,سپيدان - شيراز (سه‌راهي قلات - سپيدان),80,77,-3
414802,سعادتشهر - صفاشهر,75,72,-3
333458,حاجي آباد - قاين,101,98,-3
413301,آباده - سورمق,81,78,-3
413272.0,کازرون - شيراز,38,35,-3
673153,خرمدره - زنجان (صائين قلعه - سلطانيه),86,83,-3
334753,گناباد - فردوس (فردوس),75,72,-3
334752,بجستان - فردوس (برون),82,79,-3
334702,فردوس - بجستان (برون),89,86,-3
414819.0,مرودشت - سعادت شهر,93,90,-3
333952,يزد - طبس (طبس),96,93,-3
673268,عوارضي ابهر - آزادراه قزوين،زنجان (مجموع گيت ها),45,42,-3
453153.0,باغين - کرمان,95,92,-3
333232,بيرجند - خوسف (کمربندي غربي),98,95,-3
544309.0,فومن - صومعه سرا,53,50,-3
263802,جلفا - نوردوز,58,55,-3
333951,ديهوک - طبس,83,80,-3
544359.0,صومعه سرا - فومن,56,53,-3
673174,بيجار - قيدار (مرز استان),103,100,-3
453102,سه‌راهي راين - ماهان (ماهان),97,94,-3
543503,آزادراه رشت - قزوين (لوشان - مرز استان),90,87,-3
414855.0,شيراز - مرودشت (رکن‌آباد - زرقان),65,62,-3
333553,آرين شهر - بيرجند,101,98,-3
333223,بشرويه - سه راهي شهيد زارع,93,90,-3
333901,طبس - ديهوک,82,79,-3
263714,صوفيان - مرند (مرند),95,92,-3
333266,ده محمد - بشرويه,99,96,-3
263704,مرند - ايواغلي (کشکسراي - سه‌راه ايواغلي),97,94,-3
364508,شوشتر - دزفول (دزفول),89,86,-3
323302,چمن بيد - جنگل گلستان (رباط قره بيل),89,86,-3
414652,جهرم - لار,109,106,-3
323308,آشخانه - شهر آباد,72,69,-3
414114,آزاد راه شيراز - اصفهان (مرودشت),97,94,-3
543233,سنگر- رشت,57,54,-3
414501.0,نيريز - سيرجان (نیریز),98,95,-3
413502.0,استهبان - فسا (استهبان - سه‌راهي فسا),86,83,-3
453251,ديهوک - راور (راور),79,76,-3
573252,جزيره اسلامي - اروميه (پل ميانگذر درياچه),76,73,-3
323358,شهر آباد - آشخانه,77,74,-3
453206,باغين - کمربندي کرمان (سرآسياب),72,69,-3
673101,زنجان - بيجار (زنجان - زرين‌آباد),95,92,-3
323402,صفي آباد -گراتي,100,97,-3
335654,زاهدان - نهبندان (سفيد آبه - نهبندان),92,89,-3
264203,ملکان - مياندوآب (ملکان),84,81,-3
333403,قائن - مرز يزدان (حاجي‌آباد),88,85,-3
453201,راور - ديهوک (راور),86,83,-3
573156,مرز سرو - سرو,74,71,-3
364503,کمربندي شوشتر - اهواز (پل کابلي شوشتر),59,56,-3
333302,سربيشه - درميان,97,94,-3
573451,بيجار - تکاب (تکاب),90,87,-3
513621,آزادراه ساوه - همدان (عوارضي ساوه),74,70,-4
313856,بجستان - فيض‌آباد (فيض‌آباد),96,92,-4
873151,آرادان - سرخه,96,92,-4
773103,بروجن - سفيددشت,100,96,-4
873228,سه راهي فولادمحله - کياسر,52,48,-4
873204,دامغان - چشمه علي,108,104,-4
314801.0,فريمان - تربت‌جام (فريمان),89,85,-4
753351,قروه - صالح آباد,97,93,-4
753855,سه‌راهي شوشاب - نهاوند,83,79,-4
613102,زاهدان - مير جاوه,100,96,-4
513603,آزادراه تهران - ساوه (مامونيه),108,104,-4
513606,آزادراه ساوه - همدان (عوارضي ساوه - دخان),106,102,-4
873254,چشمه علي - دامغان,101,97,-4
314352,شاهرود - سبزوار (داورزن - سبزوار),90,86,-4
873351,ميامي - شاهرود,101,97,-4
544201,بازارجمعه - فومن,62,58,-4
973503,گنبد - مينودشت,78,74,-4
333451,گناباد - قائن (گناباد - خضري),103,99,-4
753551,سه‌راهي روعان - رزن,86,82,-4
513551,نراق - دليجان,85,81,-4
813651.0,توره - بروجرد (سه‌راهي بروجرد),77,73,-4
163257,آمل - رودهن (آمل - پارک جنگلي آمل),81,77,-4
314302,سبزوار - شاهرود (سبزوار - داورزن),103,99,-4
543505,رودبار - منجيل,67,63,-4
163213,آمل - رودهن (سه راه سنگچال - شاه زيد),89,85,-4
873455,آرادان - گرمسار,101,97,-4
163263,رودهن - آمل (شاه زيد - سه راه سنگچال),92,88,-4
873352,دامغان - شاهرود (دامغان - دهملا),98,94,-4
873305,ميامي - ري آباد,96,92,-4
813104,سه راهي چالان چولان - دورود,88,84,-4
163156.0,کياسر - سمنان,74,70,-4
873105,سمنان - سرخه,98,94,-4
543270,لاکان - رشت,42,38,-4
773307,گندمان - گوشکي,94,90,-4
573104,اروميه - تبريز (شهيد کلانتري),91,87,-4
573151,مهاباد - اروميه (رشکان - اروميه),72,68,-4
153137,آزادراه قزوين - آبيک (بعد از عوارضي2),66,62,-4
153138,شهر صنعتي البرز - آبيک (قبل از عوارضي2),46,42,-4
315701,نيشابور - سبزوار (نيشابور),97,93,-4
573152,سلماس - اروميه (اروميه),85,81,-4
164101,قائمشهر - فيروزکوه (قائمشهر - شيرگاه),77,73,-4
573202,اروميه - جزيره اسلامي (پل ميانگذر درياچه),89,85,-4
773401,فارسان - چلگرد (فارسان),79,75,-4
753301,صالح آباد - قروه,93,89,-4
184255,نظرآباد - اشتهارد,59,55,-4
363206,اهواز - اميديه (سه راهي سرانجام),98,94,-4
323452,گراتي - صفي آباد,98,94,-4
813157,آزادراه انديمشک - خرم‌آباد (پل زال - خرم‌آباد),94,90,-4
573653,مرز جلفا - سه راهي ايواغلي,89,85,-4
153172,آزادراه زنجان - قزوين (کنارگذر قزوين),102,98,-4
773507,لردگان - دهدز (تونل قتح),65,61,-4
153257,دانسفهان - بوئين‌زهرا (متناظر توزين),61,57,-4
323307,آشخانه - چمن بيد (آشخانه),95,91,-4
773553,گوشکي - لردگان (آلوني),96,92,-4
573518,خوي - قره ضياالدين,81,77,-4
153111,آزادراه قزوين - کرج (آبيک),103,99,-4
813259,سه‌راهي چالان چولان - خرم‌آباد (مله سرخه),88,84,-4
153110,آزادراه قزوين - کرج (عوارضي 2 قزوين),91,87,-4
163102.0,ساري - قائمشهر,76,72,-4
184252,اشتهارد - ماهدشت,103,99,-4
773151,سورشجان - شهرکرد,79,75,-4
773153,سفيددشت - بروجن,90,86,-4
143212,قم رود - کوه سفيد,81,77,-4
163201,بابل - آمل,80,76,-4
574353,ملکان - مياندوآب (مياندوآب),79,75,-4
513704,شازند - سه راهي شازند,78,74,-4
164604,کرج - چالوس (مکارود - مرزن آباد),55,51,-4
513752,ملاير - توره,100,96,-4
315502,گناباد - قائن (گناباد),85,81,-4
973506,گنبد - سه راهي کلاله,100,96,-4
813452,خمين - اليگودرز (اليگودرز),96,92,-4
333217,ده محمد - بردسکن,109,105,-4
163153.0,نکا - ساري (متناظر توزين),85,81,-4
333216,بشرويه - ده محمد,100,96,-4
143262,کوه سفيد - قم رود,86,82,-4
334701.0,فردوس - ديهوک (فردوس),98,94,-4
773253,سد کارون 4 - ناغان,84,80,-4
773256,فرخشهر - شهرکرد,99,95,-4
773257,ناغان - شلمزار,87,83,-4
153104,آزادراه قزوين - زنجان (تاکستان - مرز استان),101,97,-4
713290,پلدختر - حميل,88,84,-4
753155,آزادراه ساوه - همدان (پل 123 - تقاطع جاده کميجان),105,101,-4
913603,سه راهي سرچم - خلخال,89,85,-4
313144,مشهد - تربت‌حيدريه (باغچه - رباط سفيد),88,84,-4
673122,زنجان - خرمدره (قبل از پليس راه) (متناظر توزين),84,80,-4
913106.0,سه‌راهي خلخال - سرچم (كجل),64,60,-4
214452,سه‌راه موته - گلپايگان,95,91,-4
214402,گلپايگان - سه‌راه موته,90,86,-4
263102,ايلخچي - آذرشهر,95,91,-4
313110,مشهد - سرخس (رضويه - آبروان),86,82,-4
214291,نراق - کاشان (مرز استان),90,86,-4
263104,آزادراه تبريز - زنجان (بستان‌آباد - هشترود),102,98,-4
214289,آزادراه نطنز - کاشان,108,104,-4
113454,فيروزکوه - دماوند (سه‌راه ارجمند - امين‌آباد),94,90,-4
453751,رفسنجان - باغين,85,81,-4
453154.0,كرمان جوپار,95,91,-4
214552,مبارکه - اصفهان,87,83,-4
113453,دماوند - رودهن,98,94,-4
363605,ماهشهر - اميديه,95,91,-4
263111,آزادراه تبريز - زنجان (تبريز - عوارضي تبريز),90,86,-4
733353,بيجار - همدان (بيجار),70,66,-4
973501,آزادشهر - شاهرود (آزادشهر - خوش ييلاق),58,54,-4
214210,قمصر - کاشان,83,79,-4
214209,جاده قديم مورچه‌خورت - نطنز (سه راهي مورچه خورت),62,58,-4
313172,مشهد - فريمان (سنگ بست - فريمان),98,94,-4
733464,مريوان - سقز (سقز),71,67,-4
313196,آزادراه باغچه - مشهد (باغچه),97,93,-4
313208,آزادراه کنارگذر باغچه - چناران (عوارضي ناظريه),78,74,-4
113903.0,تهران - شهريار (باغستان),101,97,-4
933714,مهريز - مروست,85,81,-4
263856,سه راهي ايواغلي - جلفا,82,78,-4
973301,علي آباد - آزادشهر,112,108,-4
264202,بناب - ملکان,97,93,-4
113469,فيروزکوه - دماوند (آبسرد - دماوند),78,74,-4
113474,آبعلي - رودهن,58,54,-4
264201,بناب - عجبشير,86,82,-4
264251,عجبشير - بناب,92,88,-4
113502,دماوند - فيروزکوه (سه‌راهي ارجمند - فيروزکوه),101,97,-4
214801.0,تيران - سامان (تيران),105,101,-4
214762,نجف‌آباد - اصفهان (نجف‌آباد - فولادشهر),99,95,-4
933662,ابرکوه - مروست,76,72,-4
673109,زنجان - طارم (تهم),86,82,-4
364453,اهواز - هفتگل(هفتگل),82,78,-4
713853,سه راهي هرسين - بيستون,97,93,-4
733107,سنندج - حسين آباد,85,81,-4
713901,اسدآباد - کنگاور,88,84,-4
264415,جاده قديم بستان آباد - تبريز (تبريز),81,77,-4
264452,بستان آباد - سراب (متناظر توزين),87,83,-4
113751,جاده دسترسي احمدآباد مستوفي(اسلامشهر - آزادگان),91,87,-4
973157,شاهرود - گرگان (توسکستان),69,65,-4
453404,نگار - بهرامجرد,80,76,-4
214642,نائين - سجزي (متناظر توزين),93,89,-4
214641,بهارستان - نيك آباد,98,94,-4
933260,عسکريه - خويدک,84,80,-4
643651,دهبارز - منوجان (دهباز),82,78,-4
453517,بم - زاهدان,81,77,-4
933802,يزد - ميبد,84,80,-4
673103,زنجان - خرمدره (سلطانيه - صائين قلعه),80,76,-4
143102,جاده قديم قم - تهران (قم - شکوهيه),84,80,-4
263453,مشگين شهر - اهر (اهر),69,65,-4
413102,شيراز - سپيدان (شيراز - سه‌راهي قلات),80,76,-4
143115.0,آزادراه قم - گرمسار (قم),104,100,-4
513102,سلفچگان - اراک (کارچان),77,73,-4
673754,سلطانيه - خدابنده (دهجلال),67,63,-4
513103,اراک - بروجرد,96,92,-4
913351,آستارا - اردبيل (آق چاي - تونل حيران),52,48,-4
143131,جاده قديم قم - تهران (شکوهيه - علي‌آباد),90,86,-4
753152,همدان - سه‌راهي صالح‌آباد,92,88,-4
913268,سه راهي فاراب-هير,85,81,-4
313751,تايباد - تربت‌جام (تربت‌جام),43,39,-4
513214.0,سلفچگان - اراک (احمدآباد),99,95,-4
313804,تربت‌حيدريه - تايباد (تربت‌حيدريه),70,66,-4
143153,جاده قديم سلفچگان - ساوه (سلفچگان - سه‌راه تفرش),90,86,-4
113302,اسلامشهر - آزادراه تهران، قم,94,90,-4
673410,مانشان - نيک پي,80,76,-4
673451,آزادراه تبريز - زنجان (مرز استان - سرچم),110,106,-4
673460,نيک پي - ماهنشان,85,81,-4
143158,آزادراه کاشان - قم (مشکات - تقاطع جاده قديم),99,95,-4
213279,فلاورجان - اصفهان (کمربندي سپاهان شهر),95,91,-4
673652,خرمدره - زنجان (خرمدره - صائين قلعه),74,70,-4
113252,کرج-شهريار (هفت جوي),83,79,-4
513267,قهاوند - کميجان,84,80,-4
673501,آزادراه زنجان - قزوين (ابهر - مرز استان),99,95,-4
753252,سه‌راهي بهار - همدان (مهدي‌آباد),77,73,-4
913151,آستارا - اردبيل (نمين - گيلانده),88,84,-4
363364,کمربندي دزفول - انديمشک (شرق به غرب),70,66,-4
113259,پاکدشت - تهران,77,73,-4
213451,دامنه - خوانسار (سه راهي دربيد),96,92,-4
643127,آزادراه ايسين - دشت امام,91,87,-4
313274,مشهد - تربت حيدريه (کمربندي تربت حيدريه),103,99,-4
933854,ندوشن - ميبد,77,73,-4
213921,شهرضا - ايزدخواست (منظريه),106,102,-4
933852,ميبد - يزد,94,90,-4
313249,آزادراه کنارگذر باغچه - چناران (عوارضي امرغان),84,80,-4
733602,دهگلان - قروه,87,83,-4
733656,سنقر- قروه,83,79,-4
713152,قزانچي - کرمانشاه,87,83,-4
643112,سه‌راهي چاه اسماعيل - سه‌راهي فارياب,80,76,-4
213902,شهرضا - سميرم,100,96,-4
113401,آبسرد - ايوانکي (آبسرد - دوآب),72,68,-4
673260,آزادراه تبريز - زنجان (بين دو عوارضي زنجان),94,90,-4
733601,قروه - همدان,96,92,-4
363402,ايذه - دهدز,62,58,-4
213602,داران - تيران,95,91,-4
263403,اهر - مشگين شهر (اهر),71,67,-4
143112,سه راه لنگرود - کهک,74,70,-4
263157,جاده قديم تبريز - بستان‌آباد,84,80,-4
333401,قائن - گناباد (خضري - گناباد),102,97,-5
933653,دهشير - ابرکوه,87,82,-5
113451,ايوانکي - آبسرد (دوآب - آبسرد),72,67,-5
933603,ابرکوه - دهشير,87,82,-5
973103,آق قلا - اينچه برون,109,104,-5
334902,آرين شهر - قائن,94,89,-5
933955,طبس - يزد (ساغند),74,69,-5
410247,سورمق - ابرکوه (مرز استان),89,84,-5
453160,زرند - چترود (چترود),89,84,-5
413151,کوار - سه راهي سياخ دارنگون,62,57,-5
413354,سورمق - صفاشهر (متناظر توزين),83,78,-5
163152.0,قائمشهر - ساري,76,71,-5
113464,کمربندي جنوبي رودهن (دماوند - پرديس),99,94,-5
933763,انار - مهريز (مرز استان),80,75,-5
413172.0,کمربندي پل فسا شيراز (جنوب - شمال),75,70,-5
933713,مهريز - انار (مرز استان),83,78,-5
113458,پلور - آبعلي (سه‌راهي مشاء - آبعلي),58,53,-5
913102,اردبيل - خلخال (اردبيل),93,88,-5
153154,آزادراه زنجان - قزوين (مرز استان - تاکستان),97,92,-5
153301,جاده قديم قزوين - تاکستان (کهک - تاکستان),84,79,-5
873255,دامغان - سمنان (قوشه - سمنان),85,80,-5
143185,جاده قديم کاشان - قم (سن سن - تقاطع آزادراه),91,86,-5
143104.0,سلفچگان - دليجان (سلفچگان),61,56,-5
513656,آزادراه همدان - ساوه (دخان - عوارضي ساوه),110,105,-5
363452,دهدز - ايذه,58,53,-5
454104,شهربابک - هرات (شهربابک),102,97,-5
513652,همدان - ساوه,95,90,-5
513649,آزادراه سلفچگان - ساوه (عوارضي سلفچگان),72,67,-5
873203,دامغان - معلمان,79,74,-5
143109,آزادراه سلفچگان - ساوه (سلفچگان - جاده تفرش),99,94,-5
873253,معلمان - دامغان,89,84,-5
454154.0,هرات - شهربابک (شهربابک),83,78,-5
833706,سه راهي آذر - ترمينال برکت,60,55,-5
513605,آزادراه تهران - ساوه (سرزمين ايرانيان),97,92,-5
873356,کاهک - ميامي,101,96,-5
143166,آزادراه کاشان - قم (تقاطع جاده قديم - قم),111,106,-5
513602,ساوه - همدان,94,89,-5
363354,آزادراه پل زال - انديمشک,93,88,-5
873404,آزادراه قم - گرمسار (گرمسار),107,102,-5
873415,ايوانکي - آبسرد (ايوانکي - دوآب),90,85,-5
513264.0,اراک - سلفچگان (احمدآباد),91,86,-5
913156.0,سرچم - سه‌راهي خلخال (كجل),58,53,-5
513501,دليجان - نراق,81,76,-5
143186,جاده قديم ساوه - سلفچگان (سلفچگان),72,67,-5
453980,سيرجان - شهربابک (شهربابک),86,81,-5
114463,گرمسار - شريف آباد,103,98,-5
513671,آزادراه همدان - ساوه (عوارضي ساوه),74,69,-5
833707,مهران - ترمينال برکت,50,45,-5
113501,فيروزکوه - گدوک,86,81,-5
543220,رشت - لاکان,42,37,-5
113551,گدوک - فيروزکوه,96,91,-5
363113,اهواز - خرمشهر,64,59,-5
364456,ماهشهر - رامشير,91,86,-5
113813,تهران - جاجرود (متناظر توزين),74,69,-5
113863,جاجرود - تهران,87,82,-5
543151,تقاطع سراوان - امامزاده هاشم,81,76,-5
363228,کمربندي جنوبي اهواز(جنوب به شرق),94,89,-5
363678,آزادراه اهواز - بندرامام (خروجي بندرامام),93,88,-5
933167,ندوشن - يزد (فولاد آلياژي),83,78,-5
453703,انار - مهريز (انار),80,75,-5
153113,آزادراه قزوين - زنجان (تاکستان),95,90,-5
933156,مهريز - يزد,86,81,-5
933117,يزد - ندوشن (فولاد آلياژي),80,75,-5
933110,يزد - بافق (فهرج),76,71,-5
513801,محلات - دليجان,90,85,-5
149955,جعفريه - قم (دوربين),122,117,-5
143275,نيزار - قم (کارخانه سيمان),98,93,-5
114401,پاکدشت - شريف آباد,102,97,-5
163264,رودهن - آمل (سه راه بلده - شاه زيد),79,74,-5
163370,کمربندي جنوبي بابل (آمل - بابل),84,79,-5
313101,سه‌راه باغچه - نيشابور (ابرش),101,96,-5
313103,مشهد - چناران (مشهد - تقاطع آزادراه),90,85,-5
313153,چناران - مشهد (تقاطع آزادراه - مشهد),80,75,-5
315501,گناباد - فردوس (گناباد),89,84,-5
773203,ناغان - سد کارون 4,86,81,-5
183171,آزادراه قزوين - کرج (نظرآباد),93,88,-5
773207,شلمزار - ناغان,90,85,-5
733301,بيجار - زنجان (بيجار),93,88,-5
214259,جاده قديم نطنز - مورچه‌خورت (سه راهي مورچه خورت),77,72,-5
313122,فريمان - مشهد (فريمان - سنگ بست),95,90,-5
773304.0,سفيددشت - زرين شهر,76,71,-5
643301,بندرخمير - بندرلنگه,91,86,-5
315554,بجستان - گناباد (گناباد),92,87,-5
214502,اصفهان - مبارکه,89,84,-5
264253,مياندوآب - ملکان (ملکان),91,86,-5
773351,شهرضا - بروجن (بروجن),100,95,-5
613303.0,چابهار - زرآباد,108,103,-5
973551,شاهرود - آزادشهر (خوش ييلاق - آزادشهر),55,50,-5
264502,صوفيان - مرند,94,89,-5
973351,آزادشهر - علي آباد,84,79,-5
573951.0,اروميه - مهاباد (محمديار - مهاباد),87,82,-5
183152,آزادراه کرج - تهران (پل کلاک),60,55,-5
264455,آزادراه زنجان - تبريز (بستان‌آباد - عوارضي تبريز),74,69,-5
773552,دهدز - لردگان,77,72,-5
214701,نجف‌آباد - تيران,94,89,-5
164656,کرج - چالوس (کندوان - سياه بيشه),62,57,-5
315451,کاشمر - شادمهر,77,72,-5
643194,بندرعباس - سه راه بابا غلام,87,82,-5
184214.0,آزادراه آبيک - چرمشهر (قبل از عوارضي),119,114,-5
773155,سامان - شهرکرد,94,89,-5
313854,تايباد - تربت‌حيدريه (تربت‌حيدريه),67,62,-5
753253.0,کنگاور - اسد آباد,92,87,-5
753704,ملاير - اراک,93,88,-5
753251,اسد آباد - سه راهي صالح آباد,97,92,-5
313822,مهنه - شادمهر (متناظر توزين),95,90,-5
753228,مجموع گيت هاي عوارضي همدان - ساوه (همدان),98,93,-5
753754,اراک - ملاير,95,90,-5
753202,همدان - سه‌راهي بهار (مهدي‌آباد),79,74,-5
313701,تربت‌جام - تايباد (تربت‌جام),46,41,-5
615601,زاهدان - نهبندان (سه‌راهي دشتک - سفيدآبه),88,83,-5
753153,جوکار - همدان,92,87,-5
753803,نهاوند - سه راهي بروجرد,84,79,-5
314355,سبزوار - قوچان (سلطان‌آباد - سه‌راه چکنه),87,82,-5
314370,نيشابور - سبزوار (زعفرانيه),89,84,-5
753851,نهاوند - کنگاور,67,62,-5
314751,بجستان - فردوس (بجستان),86,81,-5
313299,آزادراه کنارگذر چناران - باغچه (عوارضي امرغان),91,86,-5
643130,سه راهي خونسرخ - اسکله شهيد رجايي,60,55,-5
773105,شهرکرد - سامان,93,88,-5
643155.0,بندررجائي - بندرعباس (تقاطع غير همسطح),94,89,-5
315305,بردسکن - شاهرود (بردسکن),94,89,-5
733415,سقز - ديواندره,74,69,-5
315355,شاهرود - بردسکن (بردسکن),89,84,-5
264402,سراب - بستان آباد,93,88,-5
753501,رزن - سه‌راهي روعان,87,82,-5
323352,جنگل گلستان - چمن بيد (رباط قره بيل),70,65,-5
215104,آزادراه شاهين‌شهر - اصفهان (آزادراه معلم),107,102,-5
263501.0,سراب - نير (سراب),80,75,-5
573106,سرو - مرز سرو,80,75,-5
263651,مراغه - هشترود (مراغه),61,56,-5
263251,عجب شير - آذرشهر,106,101,-5
973153,اينچه برون - آق قلا,116,111,-5
215203,اصفهان - شهرضا (سه‌راهي مبارکه) (متناظر توزين),81,76,-5
333160,راور - ديهوک (زنوغان),100,95,-5
673162,آزادراه قزوين - زنجان (خرمدره - صائين قلعه),91,86,-5
813402,اليگودرز - خمين (اليگودرز),93,88,-5
673401,آزادراه زنجان - تبريز (سرچم - مرز استان),99,94,-5
333218,فردوس - سرايان,90,85,-5
673280,جاده قديم ميانه - زنجان(انتهاي حوزه),75,70,-5
263162,صوفيان - کمربندي غربي تبريز,98,93,-5
813551,دورود - ازنا,98,93,-5
673504,آزادراه زنجان - قزوين (سلطانيه - صائين قلعه),99,94,-5
573203,بوکان - سقز (بوکان),65,60,-5
813617,آزادراه بروجرد - اراک,101,96,-5
813601.0,بروجرد - توره (سه‌راهي بروجرد),80,75,-5
673554,آزادراه قزوين - زنجان (صائين قلعه - سلطانيه),92,87,-5
573253,سقز - بوکان (بوکان),74,69,-5
713653,کامياران - سنقر,83,78,-5
264252,ملکان - بناب,90,85,-5
813112,پل دختر - کوهدشت (سه راهي بابازيد - سه راهي زانوگه),73,68,-5
214808,تيران - داران (سه راهي دامنه),104,99,-5
673503,ابهر - تاکستان (ابهر),80,75,-5
163302,بابل - قائمشهر,80,75,-5
913509,اردبيل - آستارا (نمين - تونل حيران),91,85,-6
673402,سرچم - اردبيل,82,76,-6
213601,اليگودرز - داران (بويين مياندشت - داران),93,87,-6
213651,داران - اليگودرز (داران - بويين مياندشت),85,79,-6
673230,جاده قديم زنجان - ميانه(انتهاي حوزه),78,72,-6
413202.0,آباده - ايزدخواست,95,89,-6
753104,آزادراه همدان - ساوه (پل 123 - دخان),99,93,-6
753302,کوريجان - سه راهي پايگاه نوژه,112,106,-6
513451,گلپايگان - خمين (خمين),94,88,-6
143107,آزادراه قم - تهران (نعلبندان),108,102,-6
263601,هشترود - مراغه (مراغه),66,60,-6
643105,بندرعباس - بندررجائي (تقاطع غير همسطح),88,82,-6
513215,توره - بروجرد (توره) (متناظر توزين),83,77,-6
513110,اراك - خمين,90,84,-6
673404.0,آزادراه زنجان - تبريز (نيک‌پي - سرچم),105,99,-6
313302,مشهد - فريمان (عوارضي فريمان),76,70,-6
143132,جاده قديم سلفچگان - ساوه (سه‌راه تفرش - آوه),85,79,-6
313853,رشتخوار - تربت حيدريه,80,74,-6
143134,قم - جعفريه,90,84,-6
673553,تاکستان - ابهر (ابهر),80,74,-6
143162,کهک - سه راه لنگرود,77,71,-6
673755,گرماب - زرينه رود,83,77,-6
313803,تربت حيدريه - رشتخوار,91,85,-6
673704,خدابنده - سلطانيه (دهجلال),68,62,-6
113229,جاده قديم تهران - قم (حسن آباد) (متناظر توزين),68,62,-6
753294,آزادراه ساوه - همدان (چپقلو),103,97,-6
263161,آزادراه زنجان - تبريز (عوارضي تبريز - تبريز),94,88,-6
143103,جاده قديم ساوه - سلفچگان (سه‌راه تفرش - سلفچگان),97,91,-6
214603,انارک - جندق (جندق - سه‌راه جندق),101,95,-6
113954,شهريار - تهران (شهر قدس),78,72,-6
673107,زنجان - طارم (ذاکر),84,78,-6
453202,ماهان - بم (سه‌راهي راين - سه‌راهي جيرفت),104,98,-6
215103,آزادراه مورچه‌خورت - نجف‌آباد,105,99,-6
733104,بيجار - ديواندره,93,87,-6
933601,ابرکوه - سه راهي سورمق,84,78,-6
214903,اردستان - کاشان (موغار),124,118,-6
313121,آزادراه کنارگذر باغچه - چناران (عوارضي مزرعه نمونه),92,86,-6
364401,هفتگل - باغملک,72,66,-6
453252,بم - ماهان (سه‌راهي جيرفت - سه‌راهي راين),92,86,-6
453256,کمربندي کرمان - باغين (سرآسياب),79,73,-6
214654,انارک - نائين,93,87,-6
264405,آزادراه تبريز - زنجان (عوارضي تبريز - بستان‌آباد),75,69,-6
214858,داران - تيران (سه راهي دامنه),101,95,-6
215154,آزادراه اصفهان - شاهين‌شهر (آزادراه معلم),104,98,-6
363657,ديلم - هنديجان,101,95,-6
643151,آزادراه عوارضي بندر شهيد رجايي - بندرعباس,92,86,-6
733351,زنجان - بيجار (بيجار),87,81,-6
453958,شهربابک - سيرجان,83,77,-6
313157,کلات - مشهد (سه‌راه کارده),83,77,-6
214752,نجف‌آباد - خميني‌شهر,96,90,-6
363603,ماهشهر - بندرامام,87,81,-6
643180,اسکله شهيد رجايي - سه راهي خونسرخ,73,67,-6
453103,کرمان - باغين (متناظر توزين),93,87,-6
453803,زرند - دشتخاک,90,84,-6
113466,دماوند - فيروزکوه (گيلاوند - آبسرد),95,89,-6
713222,کمربندي غربي کرمانشاه (قزانچي - اسلام آباد),90,84,-6
263152,آذرشهر - ايلخچي,96,90,-6
410297,ابرکوه - سورمق (مرز استان),89,83,-6
673112,آزادراه زنجان - قزوين (صائين قلعه - خرمدره),102,96,-6
114304,ورامين - چرمشهر,91,85,-6
733278,سروآباد - سنندج,67,61,-6
813951,سه راهي زانوگه - کوهدشت,77,71,-6
673551,آزادراه قزوين - زنجان (مرز استان - ابهر),93,87,-6
333158,عرب آباد - ديهوک,99,93,-6
543504,منجيل - طارم (منجيل - گيلوان),76,70,-6
873307,معلمان - جندق,64,58,-6
164156,فيروزکوه - قائمشهر (گرزين خيل - پل سفيد),78,72,-6
143187,آزادراه گرمسار - قم (چرمشهر - عوارضي قم),117,111,-6
873303.0,شاهرود - آزادشهر (بسطام - خوش ييلاق),97,91,-6
873302,شاهرود - دامغان (دهملا - دامغان),110,104,-6
543105,آزادراه رشت - قزوين (رستم‌آباد - رودبار),97,91,-6
333162,فردوس - ديهوک (ديهوک),99,93,-6
363208,کمربندي اهواز (غرب به شرق ),84,78,-6
184251,بوئين زهرا - اشتهارد,86,80,-6
333161,بيرجند - سه‌راهي ديهوک (عرب‌آباد),68,62,-6
153185,آزادراه قزوين - زنجان (قبل از عوارضي3),83,77,-6
573568,قره ضيالدين - خوي,81,75,-6
143184,جعفريه - قم,92,86,-6
513655,آزادراه ساوه - تهران (سرزمين ايرانيان),112,106,-6
153201,قزوين - بوئين‌زهرا,90,84,-6
153208,تاکستان - دانسفهان,84,78,-6
873154,دامغان - سمنان (دامغان - قوشه),103,97,-6
213155,علويجه - اصفهان,101,95,-6
873306,ميامي - کاهک,91,85,-6
813605.0,کمربندي جنوبي خرم آباد (شمال به جنوب),88,82,-6
873357,جندق - معلمان,65,59,-6
363304,آزادراه انديمشک - پل زال,94,88,-6
213205,کمربندي شرق اصفهان (سپاهان شهر - جاده نائين),91,85,-6
773220,سه راهي خوزستان - کيان,79,73,-6
773303,بروجن - مبارکه (بروجن),86,80,-6
813667,آزادراه اراک - بروجرد,102,96,-6
873358,شاهرود - دامغان (شاهرود - دهملا),101,95,-6
813652,سه راهي چالان چولان - بروجرد,92,86,-6
813660,ملاير - اشترينان,87,81,-6
513653,آزادراه ساوه - تهران (مامونيه),114,108,-6
143168,سلفچگان - قم,106,100,-6
753652,بيجار - گلتپه,83,77,-6
153135,آزادراه کنارگذر زنجان - قزوين (بعد از عوارضي 3),72,66,-6
753651,زرين رود - شيرين سو,106,100,-6
323211,کمربندي بجنورد (شرق به غرب),101,94,-7
363258,کمربندي اهواز( شرق به غرب ),68,61,-7
453753,مهريز - انار (انار),98,91,-7
264403,بستان آباد - ميانه,71,64,-7
753601,شيرين سو - زرين رود,97,90,-7
214692,سجزي - نائين,90,83,-7
643351,بندرلنگه - بندر خمير,105,98,-7
363229,اهواز - شوش (اهواز) (متناظر توزين),80,73,-7
183107,جاده قديم کرج - قزوين (آبيک),85,78,-7
183157,جاده قديم قزوين - کرج (آبيک),80,73,-7
933302,اردکان - چوپانان,74,67,-7
183164,جاده قديم قزوين - کرج (کمالشهر),73,66,-7
453702,انار - رفسنجان,92,85,-7
153112,آزادراه قزوين - زنجان (اقباليه),100,93,-7
513851,دليجان - محلات,93,86,-7
264453,ميانه - بستان آباد,74,67,-7
753602,گلتپه - بيجار,89,82,-7
153306,جاده قديم تاکستان - ابهر (تاکستان - ضياآباد),115,108,-7
153351,جاده قديم تاکستان - قزوين (تاکستان - کهک),100,93,-7
333268,سرايان - فردوس,96,89,-7
333301,سربيشه - درح (پايانه مرزي ماهي رود),77,70,-7
333312,شوسف - سربيشه,109,102,-7
333267,بردسکن - ده محمد,108,101,-7
113278,آزادراه ساوه - تهران (پرند),96,89,-7
543551,جاده قديم رودبار - رستم‌آباد,70,63,-7
813610,اشترينان - ملاير,80,73,-7
113352,آزادراه تهران، قم - اسلامشهر,83,76,-7
833251,اسلام‌آباد - ايوان (چهارمله - ايوان),88,81,-7
934151,شهربابک - هرات,82,75,-7
544352,سراوان - فومن (سراون),72,65,-7
543501,جاده قديم رستم‌آباد - رودبار,66,59,-7
333902,طبس - يزد (طبس),99,92,-7
113415,فيروزکوه - سمنان (فيروزکوه),83,76,-7
813502,ازنا - اليگودرز,106,99,-7
713239,کرمانشاه - کامياران (برنجان),103,96,-7
113428.0,جاده مخصوص تهران - کرج (وردآورد),77,70,-7
263112,کمربندي غربي تبريز - صوفيان,99,92,-7
263105,آزادراه تبريز - زنجان (هشترود - عوارضي مياندوآب),86,79,-7
673156,آزادراه قزوين - زنجان (سلطانيه - زنجان),111,104,-7
263901,آزادراه تبريز - زنجان (عوارضي مياندوآب - مرز استان),110,103,-7
215253,شهرضا - اصفهان (سه‌راهي مبارکه),95,88,-7
933106,يزد - مهريز,92,85,-7
973107,گرگان - شاهرود (توسکستان),73,66,-7
543282,رستم آباد - امامزاده هاشم(جاده قديم),61,54,-7
153454.0,آزادراه چرم شهر - آبيک (آبيک),97,90,-7
153356,جاده قديم ابهر - تاکستان (ضياآباد - تاکستان),120,113,-7
153353,آوج - خرمدشت (آوج - سه‌راهي رحيم‌آباد),87,80,-7
673104.0,زنجان - دندي,62,55,-7
453754,شهربابک - انار (انار),96,89,-7
113904,تهران - شهريار (شهر قدس),80,73,-7
753110,سه راهي پايگاه نوژه - سه راهي روعان,96,89,-7
753151,همدان - کوريجان,93,86,-7
753801,کنگاور - نهاوند,76,69,-7
873101,سرخه - آرادان,110,103,-7
513112,کنارگذر شمالي اراک (رفت),92,85,-7
314102,خواف - قائن (نشتيفان),88,81,-7
184205,اشتهارد - نظرآباد,68,61,-7
184256,ماهدشت - كرج,81,74,-7
143101,جاده قديم قم - کاشان (سه‌راه لنگرود - تقاطع آزادراه),94,87,-7
613301,چابهار - راسک (چابهار),97,90,-7
733606,قروه - سنقر,83,76,-7
753852.0,آوج - رزن,91,84,-7
733652,قروه - دهگلان,94,87,-7
213652,تيران - داران,89,82,-7
753102,سه‌راهي صالح‌آباد - همدان,90,83,-7
873155,سرخه - سمنان,95,88,-7
753101,کوريجان - همدان,92,85,-7
733356,حسن آباد ياسوکند - بيجار,58,51,-7
643108,بندرعباس - حاجي‌آباد (دشت امام - فين),93,86,-7
114309.0,آزادراه چرمشهر - آبيک (تقاطع اخترآباد),95,88,-7
114307,آزادراه چرمشهر - آبيک (چرمشهر),79,72,-7
733303,همدان - بيجار (بيجار),87,80,-7
513702,توره - ملاير,105,98,-7
873402,شريف آباد - ايوانکي,102,95,-7
143155,سلفچگان - قم (قم),115,108,-7
114354,چرمشهر - ورامين,92,85,-7
513699,آزادراه ساوه - سلفچگان (عوارضي سلفچگان),99,92,-7
513153,بروجرد - اراک,92,84,-8
164107,قائمشهر - فيروزکوه (گرزين خيل - ورسک),72,64,-8
413304,صفاشهر - سورمق,87,79,-8
873301,شاهرود - ميامي (متناظر توزين),108,100,-8
673105,آزادراه زنجان - تبريز (عوارضي زنجان),100,92,-8
933905,يزد - طبس (ساغند),76,68,-8
613414,خاش - کارواندر,72,64,-8
753244,آزادراه همدان - ساوه (چپقلو),92,84,-8
813401,اليگودرز - داران (اليگودرز - بويين مياندشت),87,79,-8
413252.0,ايزدخواست - آباده,99,91,-8
933853,کمربندي غربي اردکان - ميبد,88,80,-8
613151,نصرت‌آباد - زاهدان,82,74,-8
215205,مبارکه - بروجن (قمشلو),83,75,-8
313352,فريمان - مشهد (عوارضي فريمان),72,64,-8
263951,آزادراه زنجان - تبريز (مرز استان - عوارضي مياندوآب),98,90,-8
753703,ملاير - بروجرد,71,63,-8
113424,رودهن - آبعلي,70,62,-8
213219,اصفهان - سجزي (متناظر توزين),96,88,-8
673155,آزادراه تبريز - زنجان (عوارضي زنجان),105,97,-8
513609,جاده قديم ساوه - سلفچگان (ساوه - آوه),89,81,-8
813351,پلدختر - انديمشک,94,86,-8
973953.0,شاهرود - آزادشهر (خوش ييلاق),58,50,-8
153251,بوئين‌زهرا - قزوين,94,86,-8
214902.0,آزادراه نطنز - اصفهان (نطنز),112,104,-8
613351,راسک - چابهار (چابهار),98,90,-8
143165,آزادراه گرمسار - قم (قم),104,96,-8
114110,عوارضي آزادراه ساوه - تهران (تهران)(مجموع گيت ها),76,68,-8
453854,بافق - زرند (زرند،محور سي ريز),72,64,-8
453704,انار - شهربابک (انار),107,99,-8
453901,سيرجان - حاجي آباد (چاه قلعه),96,88,-8
114357,آزادراه آبيک -چرمشهر (چرمشهر),95,87,-8
114359.0,آزادراه آبيک - چرمشهر(تقاطع اخترآباد),90,82,-8
163320,کمربندي جنوبي بابل (بابل - آمل),74,66,-8
513662.0,جاده قديم تهران - ساوه (شهرک صنعتي کاوه - ساوه),98,90,-8
153141,آوج - رزن (سلطانبلاغ),72,64,-8
114413,شريف آباد - گرمسار,92,84,-8
414102,شيراز - سروستان,35,27,-8
543230,آزادراه رشت - قزوين (امامزاده هاشم),73,65,-8
214652,خور - انارک (خور - سه‌راهي جندق),72,64,-8
214604,نائين - انارک,101,93,-8
513659,جاده قديم سلفچگان - ساوه (آوه - ساوه),83,75,-8
113251,آزادراه گرمسار - قم (چرمشهر),106,98,-8
153258,دانسفهان - تاکستان,83,75,-8
873452,ايوانکي - شريف‌آباد,101,93,-8
673454,آزادراه تبريز - زنجان (سرچم - نيک‌پي),90,82,-8
643109,بندرعباس - حاجي‌آباد (سه‌راهي فين - سر چاهان),83,75,-8
873454,آزادراه گرمسار - قم (گرمسار) (متناظر توزين),97,89,-8
933303,اردکان - عقدا,89,81,-8
973903.0,آزادشهر - شاهرود (خوش ييلاق),66,58,-8
513401,خمين - گلپايگان (خمين),96,87,-9
263287,آزادراه زنجان - تبريز (بستان آباد),98,89,-9
113209,تهران - پاکدشت,90,81,-9
333282,خوسف - بيرجند (کمربندي غربي),98,89,-9
113258,آزادراه تهران - ساوه (تهران-رباط کريم),110,101,-9
613407.0,اسکل آباد - خاش,68,59,-9
513265,بروجرد - توره (توره),89,80,-9
413302,صفاشهر - بوانات,79,70,-9
543656,جاده قديم لوشان - منجيل,72,63,-9
873405,گرمسار - آرادان,110,101,-9
113243.0,جاده قديم تهران، قم (حسن‌آباد - نعلبندان),82,73,-9
263703,مرند - ايواغلي (مرند - کشکسراي),88,79,-9
934101,هرات - شهربابک,81,72,-9
513753,بروجرد - توره (سه‌راهي ملاير),82,73,-9
163157,قائمشهر - فيروزکوه (ورسک - گدوک),71,62,-9
813152,سه‌راهي چالان چولان - خرم‌آباد (بروجرد),73,64,-9
574108,يولاگلدي - پلدشت,83,74,-9
773270,کيان - سه راهي خوزستان,94,85,-9
773301,بروجن - شهرضا (بروجن),124,115,-9
214511,آزادراه زرين‌شهر - نجف‌آباد,83,74,-9
214602,انارک - خور (سه‌راهي جندق - خور),67,58,-9
453930,شهربابک - سيرجان (شهربابک) (متناظر توزين),94,85,-9
773354.0,زرين شهر - سفيددشت,85,76,-9
733465,ديواندره - سقز,64,55,-9
933352,چوپانان - اردکان,79,70,-9
933353,عقدا - اردکان,87,78,-9
773109,هاروني - سورشجان,102,93,-9
113701,جاده دسترسي احمدآباد مستوفي(آزادگان - اسلامشهر),89,80,-9
643145,سه‌راه بابا غلام - هورمودر,82,73,-9
214711,دهق - گلپايگان(خنداب),99,90,-9
184264.0,آزادراه چرمشهر - آبيک (بعد از عوارضي),116,107,-9
413122,کمربندي پل فسا شيراز (شمال - جنوب),83,74,-9
334952,قائن - آرين شهر,95,86,-9
833616,ايلام - پل سيمره,59,50,-9
153453,طالقان - آبيک,83,74,-9
513620.0,آزادراه ساوه - تهران (پليس‌راه ساوه) (متناظر توزين),90,81,-9
113465,سمنان - فيروزکوه (فيروزکوه),87,78,-9
334751,ديهوک - فردوس (فردوس),98,89,-9
673152,ميانه - زنجان (سرچم - نيک‌پي),89,80,-9
713289,کامياران - کرمانشاه (برنجان),116,107,-9
143175,راهجرد - سلفچگان,98,89,-9
143135,جاده قديم قم - کاشان (تقاطع آزادراه - سن سن),96,87,-9
513612.0,جاده قديم ساوه - تهران (ساوه - شهرک صنعتي کاوه),85,76,-9
513155,شازند - اراک,107,98,-9
873280,دامغان - سمنان (کمربندي سمنان),89,80,-9
673210,آزادراه زنجان - تبريز (بين دو عوارضي زنجان),100,91,-9
873230,سمنان - دامغان (کمربندي سمنان) (متناظر توزين),95,86,-9
113201,آزادراه قم - گرمسار (چرمشهر),105,95,-10
263155,آزادراه زنجان - تبريز (عوارضي مياندوآب - هشترود),104,94,-10
453244.0,کمربندي باغين - جوپار,86,76,-10
643195,هورمودر - سه‌راه بابا غلام,74,64,-10
143152,جاده قديم تهران - قم (شکوهيه - قم),96,86,-10
153151,جاده قديم رشت - قزوين (لوشان - کوهين),60,50,-10
543222,سنگر - سياهکل,56,46,-10
164106,قائمشهر - فيروزکوه (پل سفيد - گرزين خيل),85,75,-10
453294.0,کمربندي جوپار - باغين,107,97,-10
164157,فيروزکوه - قائمشهر (ورسک - گرزين خيل),72,62,-10
713106,کنارگذر شرقي کرمانشاه (بيستون - اسلام آباد),98,88,-10
333112,ديهوک - فردوس (ديهوک),97,87,-10
183215,آزادراه تهران - شمال (تونل البرز),65,55,-10
215108,مورچه‌خورت - ميمه (سه راهي نطنز - مورچه خورت),97,87,-10
215102,شاهين‌شهر - مورچه‌خورت (بزرگراه آزادگان),102,92,-10
214703,علويجه - گلپايگان (علويجه),105,95,-10
214211,کاشان - بادرود,105,95,-10
673102,زنجان - ميانه (نيک‌پي - سرچم),93,83,-10
214254,اردستان - بادرود,103,93,-10
114160,عوارضي آزادراه تهران - ساوه (تهران)(مجموع گيت ها),65,55,-10
913601,خلخال - اسالم (راهدارخانه الماس),51,41,-10
873308,دامغان - شاهرود (دهملا - شاهرود),105,95,-10
114358,آزادراه آبيک - چرمشهر (تقاطع آزادراه تهران - ساوه),113,103,-10
813451,داران - اليگودرز (بويين مياندشت - اليگودرز),93,83,-10
143129,آزادراه سلفچگان - ساوه (سه‌راه تفرش - آوه),111,101,-10
933651,سه راهي سورمق - ابرکوه,96,85,-11
214761,گلپايگان - دهق (خنداب),107,96,-11
214953,کاشان - اردستان (موغار),109,98,-11
213252,نايين - اردستان(سه‌راهي اردستان ),135,124,-11
214653,جندق - انارک (سه‌راه جندق - جندق),106,95,-11
263154,آزادراه زنجان - تبريز (هشترود - بستان‌آباد),91,80,-11
263953,جاده قديم زنجان - ميانه (سرچم - ميانه),92,81,-11
313194,تربت‌حيدريه - مشهد (رباط سفيد - باغچه),96,85,-11
333108,ديهوک - عرب آباد,101,90,-11
183118,کرج - چالوس (بيلقان),51,40,-11
733154,ديواندره - بيجار,96,85,-11
873353.0,آزادشهر - شاهرود (خوش ييلاق - بسطام),103,92,-11
143137,آزادراه قم - گرمسار (عوارضي قم - چرمشهر),110,99,-11
773101,شهرکرد - سورشجان,87,76,-11
153403,آبيک - طالقان,80,69,-11
153202,بوئين‌زهرا - ساوه,98,87,-11
753656,عليصدر - گل تپه,81,70,-11
153191,رزن - آوج (سلطانبلاغ),74,63,-11
143159,آزادراه ساوه - سلفچگان (سه‌راه تفرش - سلفچگان),108,97,-11
143179,آزادراه ساوه - سلفچگان (آوه - سه‌راه تفرش),95,84,-11
513703,توره - بروجرد (سه‌راهي ملاير),82,71,-11
163107,فيروزکوه - قائمشهر (گدوک - ورسک),71,60,-11
753802.0,رزن - آوج,81,70,-11
215101,ميمه - دليجان (ميمه),99,87,-12
113478.0,جاده مخصوص کرج - تهران (وردآورد),90,78,-12
143181,جاده قديم تهران - قم (علي‌آباد - شکوهيه),106,94,-12
143182,جاده قديم ساوه - سلفچگان (آوه - سه‌راه تفرش),81,69,-12
114308,آزادراه چرمشهر - آبيک (تقاطع آزادراه تهران - ساوه),106,94,-12
543606,جاده قديم منجيل - لوشان,69,57,-12
215151,دليجان - ميمه (ميمه),104,92,-12
183161.0,آزادراه قزوين - کرج (گلشهر),70,58,-12
933803,کمربندي غربي ميبد - اردکان,90,78,-12
214451.0,خمين - گلپايگان,134,122,-12
513555,ميمه - دليجان (دليجان),102,90,-12
873153,فيروزکوه - سمنان (افتر),80,68,-12
513661,بوئين زهرا - ساوه,91,79,-12
933851,کمربندي شرقي اردکان - ميبد,94,81,-13
513604,سلفچگان - دليجان (سد 15 خرداد),99,86,-13
933801,کمربندي شرقي ميبد - اردکان,94,81,-13
643157,بندرپل - بندرعباس,113,100,-13
215251,طالخونچه - شهرضا,100,87,-13
364353,هويزه - سوسنگرد,71,58,-13
513505,دليجان - ميمه (دليجان) (متناظر توزين),99,86,-13
153252,ساوه - بوئين‌زهرا,98,84,-14
813302,سه راهي زانوگه - پل سيمره,85,71,-14
753753,بروجرد - ملاير,60,46,-14
214657,عقدا - نائين (نائين),108,94,-14
214607,نائين - عقدا (نائين) (متناظر توزين),118,104,-14
513611,ساوه - بوئين زهرا,100,86,-14
214702,خميني‌شهر - نجف‌آباد,113,99,-14
213202,اردستان - نايين (سه‌راهي اردستان),127,113,-14
613292,خاش - زاهدان (بزرگراه خليج فارس),88,73,-15
813201,فيروزآباد - نورآباد,91,76,-15
643159,حاجي‌آباد - بندرعباس (سرچاهان - سه‌راهي فين),94,79,-15
153101,جاده قديم قزوين - رشت (کوهين - لوشان),72,57,-15
673157.0,طارم - زنجان (ذاکر),89,73,-16
213201,رامشه - ابرکوه,75,59,-16
543552,جاده قديم قزوين - لوشان,81,65,-16
873103,سمنان - فيروزکوه (افتر),72,56,-16
215153,آزادراه نجف‌آباد - مورچه‌خورت,103,86,-17
363601,بندر امام خميني - آبادان (خوردورق),76,57,-19
643113,حاجي‌آباد - سيرجان (باغات),98,76,-22
643163.0,سيرجان - حاجي‌آباد (باغات),104,76,-28
453351,ارزوئيه - بافت (ارزوئيه),88,53,-35
453301,بافت - ارزوئيه (ارزوئيه),90,55,-35
453909,سيرجان - حاجي آباد (سنگ بهرام),92,50,-42
